1000 1015
0 393
0 618
1 968
1 455
2 170
2 508
3 129
3 775
4 359
4 255
5 995
5 941
6 40
6 367
7 76
7 519
8 11
8 181
9 248
9 484
10 316
10 222
11 796
12 345
12 31
13 588
13 550
14 168
14 624
15 187
15 695
16 107
16 620
17 833
17 204
18 131
18 428
19 945
19 207
20 86
20 982
21 210
21 883
22 880
22 544
23 99
23 116
24 665
24 749
25 296
25 316
26 994
26 871
27 240
27 271
28 99
28 180
29 520
29 589
30 94
30 247
31 742
32 773
32 454
33 170
33 818
34 353
34 686
35 960
35 660
36 930
36 683
37 308
37 942
38 579
38 987
39 779
39 420
40 113
41 57
41 317
42 507
42 111
43 401
43 318
44 907
44 717
45 707
45 703
46 696
46 281
47 868
47 950
48 337
48 495
49 259
49 277
50 461
50 550
51 220
51 149
52 977
52 567
53 166
53 559
54 885
54 862
55 268
55 278
56 857
56 269
57 122
58 936
58 423
59 860
59 510
60 914
60 604
61 161
61 93
62 130
62 255
63 213
63 766
64 638
64 599
65 850
65 820
66 613
66 134
67 504
67 117
68 700
68 684
69 809
69 989
70 612
70 565
71 137
71 942
72 330
72 358
73 156
73 77
74 843
74 325
75 152
75 837
76 784
76 856
76 182
77 329
78 532
78 471
79 187
79 284
80 243
80 909
81 838
81 182
82 840
82 357
83 442
83 654
84 499
84 925
85 300
85 749
86 318
87 732
87 886
88 753
88 724
89 377
89 689
90 291
90 127
91 106
91 965
92 245
92 429
93 816
94 501
95 680
95 856
96 672
96 782
97 362
97 828
98 392
98 346
100 195
100 758
101 450
101 845
102 795
102 479
103 660
103 926
104 926
104 783
105 546
105 463
106 661
107 523
108 371
108 835
109 635
109 869
110 853
110 901
111 267
112 946
112 356
113 887
114 738
114 323
115 568
115 382
116 595
117 118
118 534
119 563
119 639
120 913
120 934
121 739
121 622
122 295
123 970
123 226
124 393
124 753
125 233
125 147
126 611
126 158
127 165
128 800
128 517
129 263
130 683
131 177
132 953
132 538
133 228
133 662
134 785
135 160
135 379
136 497
136 435
137 148
138 341
138 911
139 825
139 610
140 790
140 703
141 931
141 389
142 212
142 167
143 201
143 844
144 416
144 771
145 668
145 391
146 713
146 573
147 917
148 863
149 351
150 788
150 397
151 648
151 849
152 296
153 899
153 996
154 363
154 797
155 180
155 311
156 339
157 627
157 614
158 297
159 209
159 836
160 431
161 221
162 593
162 805
162 686
162 311
163 650
163 883
164 912
164 378
165 498
166 623
167 503
168 280
169 825
169 295
171 343
171 727
172 513
172 186
173 449
173 217
174 261
174 869
175 512
175 372
176 690
176 398
177 769
178 713
178 930
179 928
179 821
181 293
182 856
182 355
183 553
183 286
184 236
184 757
185 265
185 723
186 574
188 528
188 354
189 728
189 656
190 205
190 366
191 294
191 998
192 866
192 578
193 659
193 244
194 485
194 286
195 725
196 884
196 340
197 462
197 199
198 432
198 687
199 872
200 786
200 805
201 621
202 320
202 300
203 699
203 701
204 458
205 252
206 360
206 937
206 810
206 260
207 439
208 331
208 973
209 333
210 773
211 986
211 699
212 369
213 992
214 328
214 965
215 481
215 228
216 312
216 498
217 570
218 690
218 963
219 409
219 522
220 701
221 453
222 873
223 434
223 771
224 811
224 494
225 905
225 350
226 473
227 342
227 790
229 904
229 268
230 850
230 579
231 572
231 271
232 938
232 974
233 908
234 698
234 627
235 584
235 685
236 491
237 750
237 855
238 882
238 383
239 602
239 606
240 921
241 403
241 590
242 272
242 916
243 976
244 932
245 334
246 365
246 839
247 636
248 405
249 833
249 326
250 808
250 307
251 436
251 364
252 643
253 617
253 494
254 524
254 615
256 993
256 470
257 923
257 988
258 587
258 558
259 388
260 953
261 949
262 480
262 270
263 571
264 314
264 839
265 640
266 834
266 629
267 482
269 561
270 948
272 396
273 643
273 477
274 856
274 618
275 600
275 557
276 720
276 541
277 910
278 959
279 747
279 532
280 943
281 704
282 986
282 890
283 761
283 748
284 524
285 302
285 639
287 580
287 303
288 576
288 714
289 769
289 546
290 360
290 633
291 936
292 640
292 634
293 829
294 821
297 760
298 754
298 934
299 547
299 892
301 674
301 343
302 976
303 620
304 537
304 697
305 938
305 653
306 864
306 483
307 737
308 908
309 944
309 427
310 487
310 359
311 805
311 918
312 863
313 716
313 879
314 535
315 630
315 511
317 844
319 514
319 414
320 644
321 681
321 877
322 819
322 446
323 810
324 609
324 574
325 513
326 611
327 721
327 364
328 667
329 768
330 898
331 994
332 488
332 770
333 829
334 730
335 401
335 353
336 626
336 939
337 526
338 781
338 422
339 557
340 621
341 974
342 529
344 373
344 421
345 728
346 365
347 874
347 899
348 922
348 661
349 779
349 467
350 765
351 793
352 489
352 969
354 581
355 552
356 714
357 378
358 763
361 555
361 947
362 551
363 782
366 815
367 652
368 496
368 961
369 457
370 962
370 591
371 530
372 526
373 622
374 528
374 734
375 756
375 718
376 673
376 886
377 764
379 381
380 648
380 664
381 607
382 694
383 843
384 608
384 625
385 418
385 806
386 888
386 542
387 792
387 405
388 812
389 472
390 443
390 519
391 987
392 605
394 684
394 948
395 608
395 852
396 601
397 959
398 456
399 801
399 762
400 417
400 565
402 721
402 895
403 990
404 904
404 625
406 658
406 542
407 762
407 875
408 680
408 497
409 890
410 992
410 594
411 818
411 933
412 884
412 925
413 906
413 915
414 417
415 902
415 759
416 488
418 805
419 649
419 707
420 990
421 747
422 757
423 958
424 569
424 554
425 582
425 983
426 996
426 789
427 921
428 958
429 628
430 897
430 692
431 522
432 964
433 891
433 651
434 484
435 932
436 772
437 483
437 862
438 744
438 551
439 644
440 774
440 719
441 881
441 979
442 474
443 878
444 649
444 794
445 817
445 916
446 802
447 870
447 847
448 893
448 975
449 657
450 858
451 984
451 533
452 946
452 924
453 811
454 465
455 583
456 604
457 495
458 675
459 504
459 742
460 585
460 651
461 772
462 629
463 540
464 493
464 943
465 655
466 613
466 469
467 602
468 836
468 871
469 662
470 944
471 679
472 634
473 632
474 716
475 803
475 748
476 828
476 543
477 827
478 817
478 535
479 989
480 792
481 605
482 876
485 545
486 820
486 838
487 731
489 624
490 969
490 670
491 835
492 776
492 735
493 700
496 861
499 603
500 867
500 893
501 724
502 802
502 583
503 919
505 853
505 687
506 529
506 917
507 538
508 540
509 923
509 957
510 518
511 597
512 751
514 885
515 980
515 999
516 616
516 678
517 956
518 789
520 590
521 854
521 679
523 910
525 774
525 967
527 729
527 919
530 647
531 584
531 751
533 852
534 831
536 898
536 725
537 719
539 960
539 619
541 764
543 560
544 823
545 872
547 594
548 988
548 900
549 776
549 851
552 715
553 775
554 937
555 705
556 962
556 718
558 760
559 673
560 939
561 952
562 609
562 834
563 763
564 964
564 812
566 824
566 972
567 847
568 756
569 900
570 927
571 787
572 669
573 709
575 778
575 666
576 981
577 715
577 741
578 600
580 635
581 819
582 832
585 837
586 658
586 743
587 731
588 637
589 816
591 663
592 977
592 937
593 857
595 710
596 688
596 601
597 783
598 954
598 791
599 887
603 830
606 809
607 745
610 736
612 754
614 922
615 708
616 866
617 813
619 737
623 984
626 657
628 873
630 841
631 813
631 903
632 758
633 966
636 778
637 755
638 768
641 889
641 845
642 970
642 669
645 698
645 981
646 745
646 860
647 730
650 706
652 800
653 846
654 985
655 907
656 880
659 712
663 874
664 972
665 967
666 807
667 803
668 897
670 830
671 688
671 801
672 697
674 744
675 781
676 677
676 894
677 799
678 911
681 694
682 841
682 997
685 702
689 896
691 979
691 991
692 712
693 876
693 807
695 998
696 867
702 865
704 945
705 978
706 711
708 838
708 740
708 950
709 736
710 848
711 785
717 877
720 732
722 842
722 999
723 791
726 795
726 931
727 810
728 910
728 807
729 797
733 814
733 815
734 859
735 952
738 822
739 755
740 746
741 823
743 940
746 927
750 759
752 784
752 963
761 902
765 895
766 793
767 788
767 949
770 892
777 881
777 951
780 993
780 954
786 950
787 794
796 806
798 882
798 804
799 912
804 903
807 910
808 865
810 937
814 941
822 913
824 973
826 920
826 951
827 918
831 891
832 851
838 950
840 983
842 971
846 971
848 878
849 956
854 924
855 933
858 920
859 889
861 888
864 894
868 955
870 909
875 929
879 982
896 914
901 915
905 991
906 955
928 935
929 978
935 940
947 957
961 975
966 980
968 997
985 995
