100 115
0 83
0 62
1 32
1 52
2 78
2 70
3 9
3 53
4 12
4 95
5 72
5 98
5 91
5 50
6 74
6 18
7 41
7 19
8 10
8 13
9 56
10 90
11 69
11 29
12 58
13 87
14 28
14 31
15 98
15 60
16 96
16 52
17 60
17 23
18 50
18 92
18 93
19 95
20 67
20 92
21 88
21 28
22 68
22 79
23 88
24 97
24 26
25 85
25 30
26 41
27 81
27 90
29 61
30 57
31 65
32 33
33 38
34 42
34 37
35 73
35 63
36 94
36 47
37 53
38 64
39 40
39 73
39 53
39 46
40 64
40 53
40 78
42 54
43 66
43 44
43 93
43 52
44 56
45 97
45 63
46 72
47 81
48 96
48 83
49 72
49 87
50 72
50 77
51 86
51 55
52 93
54 80
55 59
57 76
58 75
59 75
61 86
62 92
65 71
66 68
67 91
69 82
70 84
71 76
71 86
71 79
74 82
76 93
76 86
77 89
80 99
84 89
85 99
92 93
93 94
