1000 1017
0 76
0 349
1 543
1 471
2 112
2 846
3 361
3 683
4 35
4 987
5 485
5 559
6 257
6 991
7 241
7 578
8 921
8 948
9 208
9 729
10 88
10 191
11 781
11 726
12 72
12 444
13 717
13 510
14 829
14 591
15 944
15 382
16 59
16 103
17 149
17 909
18 874
18 516
19 170
19 799
20 667
20 687
21 653
21 447
22 907
22 437
23 583
23 415
24 193
24 474
25 956
25 333
26 489
26 662
27 292
27 918
28 536
28 322
28 83
28 126
29 135
29 887
30 520
30 131
31 523
31 381
32 498
32 62
33 952
33 150
34 658
34 756
35 109
36 746
36 414
37 821
37 254
38 415
38 423
39 266
39 811
40 360
40 538
41 43
41 45
42 428
42 382
43 855
44 57
44 54
45 926
46 732
46 606
47 682
47 742
48 891
48 318
49 865
49 827
50 566
50 71
51 219
51 684
52 467
52 68
53 760
53 241
54 701
55 252
55 327
56 960
56 215
57 469
58 428
58 492
59 244
60 763
60 431
61 321
61 819
62 950
63 553
63 892
64 663
64 511
65 624
65 576
66 938
66 378
67 899
67 567
68 983
69 613
69 229
70 210
70 733
71 387
72 290
73 559
73 455
74 785
74 917
75 680
75 147
76 421
77 793
77 714
78 667
78 407
79 849
79 353
80 704
80 303
81 674
81 437
82 948
82 694
83 264
83 786
83 126
84 995
84 798
85 636
85 309
86 794
86 591
87 449
87 115
88 833
89 227
89 693
90 218
90 663
91 96
91 923
92 665
92 594
93 840
93 341
94 607
94 311
95 939
95 574
96 362
97 968
97 561
98 234
98 622
99 392
99 166
100 941
100 943
101 225
101 617
102 761
102 274
103 865
104 936
104 958
105 153
105 764
106 832
106 718
107 377
107 724
108 393
108 282
109 740
110 485
110 527
111 666
111 235
112 483
113 401
113 397
114 664
114 815
115 610
116 706
116 511
117 275
117 686
118 152
118 551
119 609
119 139
120 251
120 715
121 297
121 710
122 234
122 692
123 953
123 618
124 610
124 807
125 435
125 188
126 545
126 167
127 137
127 245
128 481
128 837
129 876
129 701
130 851
130 902
131 693
132 601
132 598
133 963
133 734
134 253
134 878
135 379
136 236
136 143
137 472
138 496
138 821
139 877
140 405
140 190
141 281
141 582
142 249
142 668
143 240
144 312
144 430
145 657
145 508
146 453
146 503
147 345
148 689
148 533
149 820
150 672
151 203
151 877
152 377
153 695
154 762
154 308
155 914
155 750
156 411
156 364
157 931
157 230
158 280
158 367
159 864
159 215
160 842
160 332
161 811
161 621
162 772
162 806
163 562
163 586
164 913
164 443
165 169
165 844
166 658
167 196
168 841
168 263
169 413
170 307
171 301
171 390
172 637
172 759
173 592
173 502
174 528
174 401
175 748
175 286
176 461
176 765
177 337
177 453
178 917
178 863
179 720
179 670
180 936
180 318
181 417
181 819
182 646
182 540
182 637
182 270
183 313
183 505
184 408
184 994
185 600
185 911
186 859
186 555
187 690
187 399
188 284
189 562
189 541
190 942
191 777
192 257
192 691
193 296
194 883
194 620
195 576
195 842
196 671
197 641
197 316
198 265
198 595
199 764
199 564
200 796
200 965
201 296
201 352
202 970
202 766
203 719
204 795
204 379
205 306
205 622
206 736
206 677
207 625
207 348
208 685
209 331
209 885
210 648
211 928
211 242
212 753
212 651
213 636
213 575
214 547
214 294
216 310
216 551
217 530
217 916
218 388
219 506
220 458
220 862
221 618
221 614
222 633
222 997
223 249
223 702
224 498
224 260
225 426
225 949
225 999
226 305
226 532
227 971
228 504
228 372
229 797
230 731
231 779
231 822
232 800
232 892
233 411
233 327
235 979
236 977
237 688
237 343
238 624
238 271
239 888
239 595
240 482
242 659
243 384
243 889
244 499
245 702
246 962
246 884
247 617
247 740
248 843
248 807
250 828
250 252
251 778
253 291
254 264
255 385
255 716
256 698
256 868
258 515
258 644
259 963
259 927
260 945
261 267
261 759
262 898
262 804
263 513
263 835
263 757
265 406
266 434
267 368
268 577
268 981
269 440
269 403
270 646
270 531
270 703
271 346
272 942
272 782
273 422
273 830
274 586
275 280
276 736
276 992
277 930
277 642
278 571
278 675
279 369
279 340
281 308
282 474
283 588
283 300
284 549
284 852
284 493
285 678
285 566
286 747
287 897
287 326
288 546
288 959
289 494
289 999
290 328
291 873
292 858
293 921
293 620
294 436
295 683
295 438
297 905
298 608
298 650
299 672
299 978
300 478
301 396
302 404
302 814
303 675
304 840
304 754
305 709
306 429
307 640
309 737
310 320
311 826
312 381
313 824
314 529
314 707
315 514
315 989
316 923
317 512
317 895
319 376
319 605
320 988
321 871
322 935
323 730
323 390
324 681
324 997
325 986
325 894
326 475
328 803
329 344
329 351
330 861
330 374
331 393
332 757
333 998
334 482
334 484
335 603
335 630
336 932
336 359
337 542
338 433
338 934
339 483
339 972
340 852
341 505
342 490
342 629
343 353
344 901
345 686
346 521
347 457
347 967
348 539
349 374
350 824
350 684
351 915
352 462
354 581
354 815
355 629
355 630
356 585
356 909
357 770
357 743
358 426
358 434
359 737
360 752
361 907
362 770
363 476
363 861
364 553
365 933
365 414
366 832
366 834
367 652
368 927
369 458
370 882
370 515
371 674
371 412
372 545
373 718
373 918
375 914
375 535
376 585
378 749
380 911
380 991
383 649
383 645
384 564
385 479
386 579
386 623
387 628
388 470
389 616
389 682
391 803
391 507
392 597
394 810
394 451
395 794
395 995
396 496
397 422
398 931
398 735
399 487
400 488
400 993
402 913
402 843
403 928
404 855
405 577
406 860
407 494
408 628
409 432
409 549
410 744
410 429
412 645
413 895
416 560
416 604
417 503
418 728
418 464
419 699
419 727
420 771
420 783
421 908
423 631
424 697
424 738
425 896
425 947
426 525
426 999
427 724
427 639
430 621
431 452
432 873
433 844
435 524
436 694
438 810
439 968
439 705
440 905
441 971
441 828
442 592
442 937
443 554
444 445
445 732
446 594
446 611
447 998
448 784
448 685
449 635
450 912
450 459
451 582
452 546
454 961
454 638
455 596
456 957
456 615
457 599
459 791
460 587
460 643
461 816
462 801
463 812
463 838
464 822
465 780
465 597
466 881
466 691
467 836
468 569
468 723
469 568
470 899
471 856
472 633
473 525
473 479
475 711
476 656
477 781
477 654
478 514
480 550
480 999
481 565
484 993
486 513
486 548
487 735
488 659
489 579
490 709
491 649
491 933
492 750
493 549
493 501
493 919
495 772
495 534
497 563
497 527
499 552
500 985
500 970
501 941
502 646
504 779
506 548
507 648
508 606
509 653
509 870
510 754
512 698
513 696
513 757
516 578
517 608
517 920
518 528
518 951
519 714
519 676
520 930
521 749
522 730
522 910
523 531
524 588
526 722
526 678
529 881
530 876
532 613
533 978
534 793
535 886
536 763
537 866
537 955
538 692
539 990
540 609
541 760
542 787
543 880
544 867
544 863
547 741
549 856
550 878
552 661
554 906
555 713
556 976
556 581
557 706
557 886
558 602
558 858
560 640
561 980
563 601
565 703
567 988
568 980
569 753
570 720
570 725
571 969
572 668
572 853
573 848
573 756
574 859
575 745
580 605
580 614
583 797
584 728
584 757
587 778
589 954
589 869
590 768
590 946
593 722
593 746
596 721
598 776
599 958
600 687
602 939
603 888
604 787
607 972
611 946
612 944
612 739
613 720
615 809
616 838
619 766
619 951
623 814
625 767
626 805
626 959
627 945
627 940
631 755
632 882
632 829
634 964
634 919
635 698
635 891
638 680
639 893
641 788
642 835
643 868
644 812
646 992
647 657
647 845
650 662
651 708
652 673
654 903
655 825
655 966
656 809
660 834
660 885
661 721
664 900
665 985
666 947
669 681
669 774
670 841
671 696
673 725
676 739
677 979
679 771
679 806
688 996
689 982
690 889
695 925
697 934
699 871
700 745
700 708
704 956
705 788
707 780
710 777
711 983
712 904
712 727
713 955
715 792
716 867
717 864
719 747
723 775
726 768
729 875
731 966
733 846
734 872
738 981
741 932
742 831
743 982
744 883
748 862
751 860
751 839
752 825
755 924
758 953
758 977
761 773
762 798
765 813
767 854
769 817
769 962
773 879
774 784
775 898
776 870
782 890
783 910
785 786
789 965
789 974
790 976
790 887
791 950
792 938
795 896
796 893
799 915
800 827
801 802
802 872
804 818
805 847
808 818
808 916
813 817
816 929
820 908
823 954
823 996
826 987
830 975
831 837
833 984
836 850
839 850
845 967
847 990
848 903
849 925
851 900
853 880
854 926
857 924
857 989
866 906
869 986
874 984
875 935
879 902
884 974
890 973
894 937
897 994
901 973
904 952
912 922
920 957
922 949
929 961
940 960
943 969
964 975
