1000 1016
0 735
0 375
1 963
1 495
2 792
2 230
3 880
3 322
4 56
4 376
5 882
5 18
6 42
6 629
7 937
7 21
8 603
8 836
9 156
9 46
10 317
10 389
11 524
11 68
12 555
12 534
13 280
13 629
14 956
14 238
15 440
15 415
16 944
16 589
17 200
17 30
18 660
19 588
19 765
20 618
20 47
21 919
22 237
22 118
23 848
23 171
24 267
24 158
25 620
25 199
26 336
26 35
27 763
27 127
28 409
28 844
29 131
29 837
30 953
31 51
31 902
32 289
32 231
33 181
33 287
34 147
34 879
35 970
36 458
36 371
37 849
37 535
38 320
38 284
39 152
39 260
40 651
40 435
41 603
41 588
42 177
43 169
43 926
44 713
44 851
45 624
45 686
46 344
47 313
48 994
48 187
49 601
49 371
50 587
50 757
51 918
52 144
52 322
53 533
53 70
54 784
54 163
55 672
55 691
56 515
57 466
57 691
58 845
58 294
59 464
59 644
60 264
60 990
61 955
61 310
62 640
62 253
63 83
63 542
64 866
64 511
65 282
65 739
66 699
66 526
67 434
67 534
68 841
69 618
69 590
70 381
71 886
71 438
72 763
72 853
73 517
73 997
74 292
74 621
75 827
75 452
76 372
76 380
77 392
77 281
78 808
78 577
79 445
79 262
80 484
80 500
81 256
81 956
82 549
82 615
83 897
84 833
84 185
85 444
85 870
86 904
86 497
87 515
87 572
88 632
88 298
89 243
89 364
90 668
90 829
91 144
91 110
92 346
92 446
93 749
93 606
94 517
94 359
95 276
95 527
96 761
96 107
97 122
97 275
98 546
98 981
99 104
99 668
100 514
100 556
101 708
101 159
102 698
102 869
103 505
103 883
104 112
105 899
105 605
106 380
106 423
107 770
108 538
108 430
109 554
109 789
109 327
109 615
110 125
110 783
111 360
111 804
112 964
113 553
113 643
114 333
114 413
115 427
115 366
116 764
116 613
117 484
117 631
118 879
119 648
119 730
120 754
120 139
121 172
121 931
121 316
121 378
122 597
123 936
123 532
124 544
124 501
125 250
125 579
126 889
126 457
127 586
128 913
128 147
129 749
129 981
130 304
130 743
131 645
132 707
132 436
133 217
133 690
134 705
134 391
135 802
135 647
136 739
136 543
137 168
137 219
138 458
138 300
139 301
140 286
140 999
141 464
141 191
142 246
142 487
143 418
143 498
145 856
145 414
146 664
146 722
148 272
148 778
149 611
149 902
150 922
150 727
151 906
151 679
152 598
153 984
153 424
154 595
154 164
155 987
155 295
156 743
157 378
157 605
158 737
159 362
160 941
160 942
161 324
161 373
162 296
162 164
163 210
165 338
165 711
166 266
166 527
167 733
167 367
168 325
169 717
170 630
170 607
171 669
172 572
173 729
173 479
174 446
174 511
175 363
175 223
176 434
176 213
177 391
178 709
178 655
179 812
179 301
180 465
180 757
181 445
182 736
182 495
183 652
183 246
184 331
184 196
185 920
186 400
186 569
187 320
188 477
188 701
189 752
189 828
190 218
190 919
191 211
192 874
192 494
193 532
193 229
194 861
194 351
195 947
195 374
196 906
197 266
197 323
198 681
198 610
199 667
200 989
201 683
201 612
202 709
202 271
203 529
203 354
204 378
204 980
205 946
205 303
206 907
206 989
207 858
207 621
208 392
208 859
209 898
209 438
210 977
211 635
212 862
212 263
213 968
214 323
214 964
215 221
215 397
216 600
216 674
217 996
218 931
219 728
220 242
220 628
221 352
222 488
222 241
223 881
224 827
224 287
225 876
225 478
226 345
226 947
227 563
227 583
228 329
228 290
228 483
228 683
229 617
230 384
231 682
232 789
232 519
233 562
233 772
234 934
234 703
235 476
235 502
236 523
236 509
237 326
238 456
239 425
239 775
240 888
240 892
241 604
242 422
243 887
244 665
244 366
245 873
245 379
247 872
247 883
248 347
248 933
249 332
249 877
250 781
251 986
251 830
252 480
252 524
253 654
254 817
254 587
255 418
255 901
256 903
257 769
257 862
258 778
258 911
259 720
259 974
260 548
261 912
261 373
262 425
263 985
264 504
265 456
265 745
267 825
268 718
268 887
269 938
269 420
270 733
270 878
271 443
272 984
273 748
273 487
274 777
274 589
275 908
276 717
277 360
277 715
278 880
278 746
279 673
279 867
280 531
281 292
282 915
283 416
283 925
284 906
284 940
284 815
285 780
285 485
286 758
288 794
288 316
289 712
290 566
291 884
291 551
293 522
293 876
294 568
295 337
296 338
297 522
297 612
298 384
299 577
299 764
300 828
302 877
302 703
303 973
304 895
305 977
305 745
306 403
306 933
307 872
307 362
308 768
308 637
309 779
309 598
310 636
311 785
311 340
312 772
312 398
313 390
314 777
314 506
315 480
315 359
317 428
318 861
318 518
319 865
319 462
321 614
321 439
324 958
325 932
326 943
327 560
327 794
327 789
328 408
328 611
329 347
329 788
329 683
330 466
330 804
331 411
332 695
333 670
334 930
334 357
335 393
335 402
336 916
337 893
339 672
339 979
340 873
341 433
341 813
342 949
342 870
343 969
343 975
344 481
345 998
346 945
346 565
346 510
348 465
348 940
349 920
349 573
350 602
350 910
351 708
352 702
353 980
353 886
354 568
355 809
355 798
356 361
356 782
357 507
358 835
358 995
361 580
363 448
364 475
365 411
365 382
367 673
368 544
368 390
369 475
369 781
370 760
370 960
372 900
374 510
375 671
376 607
377 762
377 890
378 931
379 460
381 579
382 616
383 875
383 503
385 468
385 967
386 633
386 850
387 528
387 460
388 824
388 881
389 973
393 805
394 514
394 925
395 520
395 716
396 576
396 489
397 771
398 653
399 864
399 914
400 712
401 866
401 452
402 636
403 408
404 762
404 748
405 576
405 641
406 800
406 669
407 993
407 782
409 620
410 551
410 727
412 625
412 723
413 885
414 923
415 753
416 493
417 441
417 950
419 535
419 847
420 871
421 483
421 525
422 459
423 865
424 784
426 506
426 542
427 776
428 562
429 851
429 734
430 859
431 785
431 924
432 660
432 622
433 751
435 643
436 982
437 833
437 676
439 508
440 503
441 552
442 714
442 765
443 696
444 755
447 744
447 971
448 937
449 946
449 670
450 523
450 939
451 540
451 823
453 642
453 819
454 649
454 566
455 616
455 683
457 905
459 738
461 915
461 628
462 991
463 704
463 571
467 800
467 490
468 692
469 755
469 860
470 585
470 473
471 696
471 481
472 705
472 773
473 882
474 634
474 734
476 490
477 893
478 910
479 539
482 536
482 811
485 997
486 938
486 499
488 657
489 548
491 905
491 774
492 571
492 948
493 507
494 741
496 575
496 591
497 659
498 563
499 840
500 730
501 971
502 888
504 513
505 584
508 892
509 658
510 802
510 565
512 864
512 545
513 847
516 756
516 637
518 678
519 985
520 898
521 944
521 549
525 900
526 760
528 648
529 685
530 753
530 732
531 832
533 539
536 826
537 960
537 780
538 917
540 676
541 846
541 646
543 564
545 608
546 849
547 841
547 678
550 608
550 987
552 846
553 928
554 916
555 779
556 715
557 640
557 723
558 929
558 838
559 664
559 735
560 761
561 904
561 848
564 965
565 835
565 813
567 954
567 692
569 967
570 875
570 891
573 911
574 961
574 798
575 731
578 721
578 801
580 942
581 744
581 821
582 731
582 653
583 797
584 957
585 638
586 690
590 853
591 996
592 700
592 750
593 986
593 812
594 992
594 752
595 686
596 816
596 711
597 867
599 666
599 647
600 951
601 766
602 843
604 837
606 845
609 945
609 675
610 788
613 978
614 823
617 767
619 889
619 949
622 894
623 720
623 819
624 649
625 695
626 992
626 890
627 809
627 716
630 803
631 959
632 689
633 737
634 896
635 667
638 655
639 929
639 991
641 710
642 687
644 913
645 966
646 663
650 965
650 799
651 756
652 811
654 688
656 793
656 982
657 677
658 885
659 799
661 857
661 801
662 858
662 810
663 936
665 707
666 974
671 790
674 931
675 741
677 878
679 836
680 684
680 917
681 959
682 814
684 909
685 952
687 728
688 747
689 990
693 874
693 820
694 790
694 855
697 817
697 935
698 854
699 795
700 807
701 939
702 976
704 831
706 983
706 719
710 824
713 868
714 962
718 961
719 724
721 818
722 826
724 927
725 922
725 796
726 810
726 786
729 852
732 895
736 930
738 957
740 884
740 918
742 843
742 805
746 962
747 868
750 796
751 787
754 773
758 842
759 871
759 983
766 988
767 863
768 844
769 822
770 776
771 787
774 909
775 908
783 854
786 838
789 928
791 820
791 814
792 994
793 924
795 966
797 863
803 972
806 840
806 839
807 948
808 896
815 970
816 943
818 979
821 972
822 940
825 927
829 899
830 934
831 952
832 907
834 912
834 976
839 954
842 975
850 995
852 857
855 968
856 903
860 926
869 901
891 998
894 963
897 923
906 940
914 978
921 988
921 958
932 999
935 955
941 953
950 951
969 993
