100 117
0 16
0 45
1 12
1 31
2 57
2 69
3 43
3 15
4 48
4 45
5 91
5 11
5 44
5 77
6 86
6 87
7 96
7 52
8 33
8 58
9 17
9 31
10 24
10 64
10 59
10 39
11 91
11 43
11 14
12 36
13 94
13 79
14 55
15 18
16 61
17 50
17 26
17 36
18 76
18 68
19 58
19 23
20 88
20 79
21 51
21 36
22 74
22 95
23 30
24 88
25 40
25 34
26 36
26 53
26 54
27 51
27 63
28 92
28 47
29 42
29 77
30 60
32 97
32 75
33 71
34 69
35 73
35 84
36 69
36 37
37 52
37 69
37 39
38 82
38 62
39 64
39 66
40 46
41 81
41 46
42 80
44 78
47 65
48 83
49 56
49 90
50 98
53 67
54 86
54 70
54 95
55 93
56 91
56 79
57 98
59 75
60 70
61 64
62 91
63 99
64 65
66 92
67 68
68 85
71 82
72 85
72 94
73 95
74 86
76 84
78 89
80 83
81 97
86 95
87 90
89 93
96 99
