100 116
0 24
0 19
1 40
1 57
1 14
1 39
2 84
2 22
3 91
3 63
4 26
4 27
5 98
5 99
6 88
6 59
7 31
7 15
8 67
8 47
9 56
9 42
9 12
9 14
10 14
10 95
11 92
11 84
12 56
12 66
12 43
13 49
13 98
14 57
15 88
16 36
16 52
17 33
17 66
17 19
17 59
18 50
18 28
20 32
20 91
21 89
21 39
22 53
23 40
23 36
24 68
25 97
25 78
26 64
26 85
27 49
28 32
29 96
29 64
29 34
29 83
30 82
30 63
31 80
33 59
33 44
33 86
34 64
34 81
34 76
35 41
35 94
37 61
37 85
38 67
38 75
41 57
42 93
43 59
44 54
45 72
45 69
46 64
46 50
47 72
48 74
48 68
48 78
48 71
51 68
51 87
52 71
53 65
54 77
55 58
55 61
56 97
56 62
57 69
58 81
60 82
60 83
62 70
64 95
65 87
68 78
70 76
73 80
73 96
74 92
75 79
77 78
79 90
86 89
90 93
94 99
