1000 1016
0 881
0 294
1 572
1 949
2 873
2 338
3 586
3 379
4 802
4 590
5 344
5 45
6 177
6 151
7 136
7 518
8 744
8 401
9 789
9 782
10 845
10 247
11 500
11 759
12 536
12 214
13 49
13 738
14 185
14 813
15 324
15 973
16 948
16 468
17 273
17 967
17 843
17 495
18 251
18 996
19 740
19 750
20 225
20 476
21 515
21 750
22 897
22 719
23 175
23 335
24 393
24 115
25 101
25 567
26 532
26 478
27 456
27 223
28 376
28 305
29 81
29 691
30 248
30 547
31 698
31 310
32 297
32 851
33 118
33 134
34 433
34 596
35 517
35 582
36 52
36 222
37 465
37 411
38 203
38 438
39 836
39 407
40 801
40 187
41 379
41 143
42 480
42 398
43 450
43 277
44 380
44 437
45 135
46 897
46 281
47 200
47 783
48 266
48 166
49 781
50 185
50 930
51 298
51 397
52 681
53 237
53 102
54 168
54 400
55 785
55 346
56 694
56 735
57 363
57 215
58 915
58 467
59 827
59 579
60 753
60 492
61 325
61 927
62 265
62 607
63 189
63 895
64 538
64 653
65 944
65 188
66 378
66 406
67 226
67 701
68 373
68 926
69 123
69 998
70 600
70 454
71 116
71 399
72 721
72 262
73 676
73 702
74 533
74 221
75 524
75 391
76 603
76 885
77 616
77 155
78 555
78 813
79 923
79 93
80 528
80 132
81 977
82 350
82 347
82 507
82 230
83 633
83 727
84 483
84 389
85 810
85 469
86 355
86 799
87 242
87 867
88 560
88 589
89 320
89 743
90 240
90 179
91 650
91 806
92 490
92 638
93 984
93 260
93 527
94 938
94 831
95 570
95 900
96 233
96 921
97 374
97 367
98 618
98 110
99 539
99 349
100 291
100 132
101 180
102 442
103 729
103 202
104 876
104 646
105 632
105 377
106 323
106 591
107 657
107 258
108 689
108 686
109 155
109 435
110 415
111 717
111 853
112 460
112 206
113 576
113 609
114 275
114 173
115 824
116 635
117 138
117 277
118 964
119 354
119 517
120 962
120 767
121 427
121 484
122 403
122 791
123 803
124 260
124 741
125 144
125 462
126 611
126 174
127 777
127 388
128 560
128 282
129 712
129 492
129 392
129 583
130 154
130 287
131 446
131 703
133 641
133 994
134 375
135 878
136 865
137 218
137 613
138 631
139 360
139 868
140 441
140 223
141 742
141 447
142 353
142 652
143 936
144 466
145 713
145 604
146 709
146 486
147 595
147 399
148 419
148 303
149 898
149 895
150 762
150 983
151 487
152 569
152 966
153 501
153 717
154 737
156 553
156 644
157 885
157 535
158 537
158 213
159 792
159 707
160 500
160 893
161 833
161 854
162 814
162 910
163 633
163 901
164 880
164 766
165 169
165 821
166 752
167 495
167 343
168 700
169 540
170 826
170 846
171 566
171 766
172 996
172 654
173 680
174 199
175 958
176 577
176 483
177 236
178 867
178 575
179 696
180 256
181 514
181 491
182 337
182 213
183 794
183 860
184 798
184 535
186 300
186 902
187 700
188 261
189 370
190 600
190 718
191 674
191 236
192 698
192 268
193 363
193 613
194 578
194 667
195 756
195 357
196 465
196 963
197 757
197 510
198 570
198 798
199 956
200 554
201 649
201 954
202 549
203 637
203 719
204 292
204 607
205 504
205 765
206 686
207 552
207 746
208 387
208 260
209 739
209 638
210 594
210 538
211 840
211 769
212 650
212 965
214 724
215 394
216 954
216 762
217 780
217 869
218 981
219 426
219 259
220 545
220 262
221 274
222 370
224 617
224 395
225 648
226 666
227 609
227 443
228 814
228 687
229 274
229 959
230 884
231 523
231 773
232 773
232 685
233 734
234 545
234 711
235 626
235 293
237 674
238 805
238 949
239 424
239 620
240 719
241 809
241 668
242 863
243 853
243 703
244 586
244 774
245 985
245 715
246 844
246 733
247 795
248 493
249 808
249 865
250 953
250 990
251 642
252 473
252 410
253 448
253 264
254 592
254 941
255 409
255 350
256 748
257 846
257 758
258 692
259 669
260 527
261 768
263 396
263 285
264 368
265 704
266 820
267 816
267 382
268 580
269 876
269 548
270 849
270 899
271 683
271 988
272 929
272 958
273 899
275 955
276 675
276 454
278 859
278 519
279 627
279 284
280 515
280 989
281 287
282 385
283 553
283 531
284 752
285 476
286 298
286 414
288 953
288 310
289 360
289 556
290 979
290 862
291 745
292 779
293 972
294 802
295 330
295 470
296 728
296 944
297 414
299 507
299 334
300 699
301 892
301 868
302 321
302 671
303 972
304 509
304 342
305 684
306 848
306 764
307 795
307 860
308 458
308 522
309 459
309 716
311 784
311 573
312 941
312 701
313 482
313 398
314 408
314 350
315 376
315 568
316 888
316 870
317 357
317 639
318 948
318 679
319 672
319 917
320 557
321 521
322 658
322 803
323 571
324 720
325 690
326 768
326 939
327 793
327 531
328 824
328 818
329 621
329 823
330 898
331 811
331 620
332 987
332 892
333 696
333 467
334 551
335 640
336 361
336 973
337 624
338 663
339 987
339 837
340 437
340 503
341 747
341 708
342 636
343 385
344 596
345 593
345 991
346 694
347 350
347 835
347 494
348 960
348 386
349 521
351 842
351 371
352 577
352 826
353 848
354 539
355 760
356 981
356 942
358 588
358 887
359 723
359 564
361 979
362 513
362 763
364 627
364 443
365 384
365 451
366 678
366 870
367 684
368 812
369 482
369 485
371 636
372 723
372 934
373 839
374 581
375 658
377 950
378 749
380 597
381 384
381 468
382 506
383 849
383 934
386 689
387 393
388 608
389 612
390 907
390 845
391 656
392 712
392 858
392 852
394 645
395 526
396 896
397 800
400 908
401 644
402 956
402 709
403 751
404 504
404 947
405 617
405 754
406 524
407 690
408 877
409 469
410 603
411 772
412 721
412 445
413 576
413 653
415 737
416 808
416 841
417 432
417 615
418 728
418 980
419 861
420 707
420 966
421 647
421 871
422 986
422 882
423 804
423 807
424 767
425 904
425 648
426 991
427 884
428 864
428 822
429 449
429 914
430 434
430 971
431 924
431 516
432 565
433 532
434 457
435 520
436 628
436 727
438 832
439 828
439 855
440 856
440 711
441 463
442 785
444 593
444 635
445 508
446 982
447 781
448 590
449 559
450 910
451 488
452 901
452 661
453 736
453 629
455 464
455 604
456 530
457 699
458 801
459 925
460 739
461 666
461 740
462 659
463 887
464 471
466 751
470 771
471 977
472 970
472 502
473 673
474 714
474 602
475 705
475 999
477 969
477 670
478 871
479 945
479 562
480 820
481 649
481 822
484 819
485 582
486 745
487 829
488 499
489 866
489 886
490 863
491 541
493 734
494 924
496 993
496 978
497 988
497 574
498 716
498 830
499 883
501 606
502 992
503 598
505 547
505 862
506 790
508 912
509 878
510 970
511 946
511 623
512 940
512 869
513 796
514 989
516 529
518 952
519 735
520 778
522 641
523 914
525 832
525 915
526 592
527 656
527 786
528 589
529 931
530 556
530 902
530 712
533 894
534 978
534 754
536 968
537 732
540 890
541 917
542 786
542 819
543 665
543 769
544 730
544 591
546 634
546 614
548 873
549 642
550 943
550 911
551 857
552 971
554 583
555 614
556 712
556 572
557 558
558 968
559 821
561 628
561 918
562 608
563 645
563 678
564 639
565 618
566 811
567 668
568 749
569 688
571 997
573 651
574 952
575 916
578 999
579 894
580 937
581 937
584 616
584 951
585 906
585 859
587 850
587 997
588 761
594 896
595 965
597 664
598 843
599 995
599 877
601 610
601 806
602 643
605 817
605 682
606 835
610 679
611 710
612 872
615 787
619 834
619 741
621 695
622 760
622 825
623 713
624 799
625 875
625 995
626 706
629 776
630 797
630 918
631 969
632 922
634 775
637 886
640 763
643 984
646 706
647 959
651 913
652 697
654 797
655 837
655 838
657 662
659 874
660 778
660 967
661 888
662 796
663 889
664 725
665 847
667 920
669 704
670 908
671 963
672 780
673 844
675 838
676 839
677 712
677 938
680 772
681 718
682 904
683 990
685 724
687 722
688 856
691 733
692 857
693 912
693 850
695 720
697 982
702 961
705 770
708 927
710 909
712 935
714 974
715 812
722 775
725 829
726 964
726 815
729 943
730 787
731 794
731 791
732 793
736 774
738 753
742 921
743 905
744 931
746 985
747 757
748 928
755 950
755 823
756 817
758 900
759 962
761 834
764 936
765 830
770 809
771 974
776 945
777 804
779 905
782 933
783 852
784 800
788 792
788 879
789 906
790 903
805 840
807 890
810 926
815 909
816 913
818 951
825 854
827 920
828 847
831 980
833 911
836 880
841 923
842 864
843 967
843 879
851 881
855 919
858 925
861 866
872 933
874 919
875 976
882 957
883 986
889 891
891 916
893 947
903 942
907 992
922 930
928 957
929 935
932 994
932 975
939 983
940 976
946 975
955 993
960 961
967 998
