100 108
0 89
0 13
1 42
1 51
2 9
2 31
3 80
3 64
4 66
4 63
5 58
5 91
6 35
6 91
7 43
7 79
8 81
8 75
9 99
9 68
9 30
10 42
10 70
11 60
11 20
12 70
12 62
12 94
13 17
13 48
13 80
14 74
14 87
15 72
15 78
16 50
16 29
17 32
17 48
17 55
18 66
18 52
19 57
19 22
20 83
20 94
21 26
21 86
22 54
23 81
23 68
24 25
24 67
25 29
26 83
27 28
27 46
28 49
30 77
30 69
30 68
31 98
32 93
33 36
33 61
34 73
34 71
35 37
36 40
37 41
38 62
38 46
39 40
39 76
41 69
43 53
44 89
44 84
45 56
45 97
47 74
47 67
48 84
48 55
49 82
50 95
51 76
52 58
53 93
54 79
56 68
57 94
59 96
59 86
60 75
61 90
63 96
64 72
65 97
65 99
71 90
73 87
77 98
78 92
82 95
85 88
85 94
88 92
