100 115
0 89
0 7
1 42
1 31
1 46
1 22
2 57
2 34
2 36
2 71
3 57
3 97
4 13
4 23
5 48
5 74
6 50
6 84
7 36
8 19
8 44
9 29
9 77
10 98
10 27
11 66
11 74
12 72
12 90
13 55
14 81
14 42
15 91
15 70
16 62
16 55
17 40
17 30
18 51
18 27
19 78
20 65
20 57
21 97
21 67
21 92
21 63
22 31
22 62
22 87
23 35
24 33
24 45
25 75
25 60
26 65
26 60
28 40
28 83
29 51
30 61
31 68
31 78
32 58
32 63
33 48
34 49
35 67
36 88
36 57
37 73
37 87
38 52
38 54
39 81
39 92
41 81
41 75
41 86
41 71
43 88
43 84
44 64
45 85
46 70
47 56
47 63
49 69
50 91
52 59
53 76
53 94
54 94
54 82
54 71
56 80
58 76
59 79
61 95
63 97
64 93
66 97
68 83
69 98
71 82
72 85
73 99
75 80
75 81
77 96
79 95
82 99
82 93
86 89
90 96
