10000 10150
0 3672
0 261
1 62
1 3783
2 2518
2 2911
3 6259
3 3701
4 5348
4 1230
5 2193
5 2357
6 5570
6 3390
7 1747
7 1798
8 8560
8 4054
9 1584
9 8361
10 4066
10 9772
11 8258
11 4965
12 7516
12 5158
13 462
13 9774
14 7389
14 2461
15 6584
15 8441
16 5584
16 266
17 459
17 2070
18 2904
18 2182
19 8417
19 3219
20 9485
20 9903
21 2091
21 1909
22 4248
22 2762
23 9588
23 3126
24 7018
24 9445
25 3613
25 6191
26 4740
26 7021
27 9456
27 9629
28 5269
28 1423
29 6528
29 786
30 4475
30 6591
31 3817
31 9516
32 2456
32 3034
33 8200
33 557
34 4778
34 7786
35 731
35 1582
36 7828
36 3711
37 6090
37 2559
38 1484
38 2951
39 7571
39 5373
40 8350
40 2735
41 8441
41 586
42 1315
42 5790
43 2860
43 2015
44 3834
44 8813
45 1547
45 9916
46 6082
46 7650
47 697
47 183
48 8953
48 326
49 8477
49 8518
50 3169
50 6517
51 3385
51 3486
52 8674
52 55
53 8416
53 7271
54 8467
54 278
55 4811
56 2602
56 2236
57 962
57 6692
58 2745
58 3643
59 658
59 5226
60 8354
60 9644
61 2866
61 5893
62 9085
63 7292
63 3622
64 1977
64 1085
65 1803
65 1380
66 8222
66 7407
67 8139
67 956
68 9608
68 2414
69 4857
69 5625
70 3392
70 9333
71 8186
71 7638
72 5466
72 4430
73 6170
73 3180
74 6815
74 8191
75 529
75 5838
76 5864
76 2422
77 7881
77 3250
78 6392
78 988
79 9345
79 4822
80 8130
80 5061
81 3535
81 5207
82 1330
82 1148
83 4626
83 7660
84 4424
84 3502
85 432
85 1789
86 6858
86 5127
87 2128
87 8919
88 9114
88 4055
89 2063
89 6375
90 7731
90 9246
91 9835
91 7782
92 7603
92 9591
93 9153
93 6085
94 2105
94 7057
95 9827
95 1084
96 6805
96 1574
97 2250
97 8223
98 7336
98 7938
99 7140
99 7910
100 4050
100 4122
101 6331
101 8043
102 9304
102 9581
103 8314
103 7343
104 4701
104 4510
105 6610
105 9149
106 7873
106 8476
107 8201
107 7131
108 568
108 9316
109 9322
109 4186
110 2385
110 361
111 9049
111 2126
112 7923
112 4765
113 4416
113 1404
114 6906
114 4735
115 4868
115 1845
116 7380
116 8013
117 3497
117 4887
118 3409
118 186
119 3452
119 6206
120 5368
120 6848
121 3984
121 8017
122 5162
122 4559
123 3753
123 2275
124 5721
124 4127
125 4891
125 1068
126 5729
126 5638
127 9284
127 5629
128 2704
128 6410
129 6841
129 5527
130 2588
130 734
131 8267
131 2351
132 6490
132 844
133 6302
133 4447
134 3928
134 8782
135 7814
135 6943
136 6866
136 6667
137 6002
137 2795
138 662
138 382
139 5952
139 8281
140 4020
140 3630
141 6027
141 1535
142 8916
142 7663
143 8706
143 4782
144 7028
144 4734
145 7524
145 5007
146 2033
146 9689
147 6681
147 3954
148 2065
148 2228
149 1668
149 4319
150 7644
150 4239
151 958
151 9062
152 8388
152 2524
153 9989
153 5998
154 9528
154 540
155 6770
155 4789
156 6818
156 2434
157 7699
157 6749
158 8968
158 7147
159 1965
159 4013
160 8749
160 9143
161 232
161 4060
162 1680
162 8858
163 4097
163 3135
164 3971
164 8556
165 1224
165 1386
166 8562
166 6542
167 7383
167 3183
168 8538
168 1427
169 2130
169 2667
170 6665
170 1418
171 9913
171 5862
172 5208
172 7623
173 2338
173 564
174 2450
174 5571
175 1363
175 7252
176 8843
176 7494
177 2572
177 7302
178 5256
178 5485
179 9050
179 3003
180 465
180 9766
181 3064
181 2626
182 734
182 9735
183 2029
184 5740
184 6510
185 9536
185 9864
186 5979
187 6754
187 6356
188 6215
188 5831
189 9892
189 7822
190 9275
190 1734
191 3395
191 6598
192 2056
192 9825
193 9244
193 3014
194 3153
194 4652
195 9257
195 1228
196 2104
196 8675
197 7560
197 4652
198 6160
198 8214
199 9265
199 1892
200 8295
200 4351
201 8648
201 4748
202 8620
202 4605
203 4663
203 1023
204 7901
204 1399
205 3010
205 886
206 2658
206 4674
207 5603
207 2779
208 1107
208 4731
209 4538
209 9195
210 7131
210 7980
211 6835
211 2855
212 9872
212 9781
213 8832
213 1075
214 3721
214 1697
214 7652
214 1287
215 9925
215 9006
216 8580
216 5183
217 7926
217 5919
218 1004
218 5725
219 9604
219 3727
220 8023
220 2831
221 3168
221 6189
222 6646
222 5726
223 9387
223 999
224 3293
224 8998
225 4682
225 4949
226 1072
226 915
227 8563
227 6155
228 504
228 2835
229 5452
229 1367
230 913
230 7829
231 8734
231 8887
232 2253
233 745
233 6810
234 4523
234 6830
235 5358
235 9487
236 4276
236 1551
237 7506
237 1733
238 8689
238 9291
239 4034
239 1175
240 8657
240 2525
241 4373
241 957
242 7997
242 6790
243 4648
243 3897
244 8529
244 6999
245 6353
245 8629
246 5381
246 4871
247 5714
247 1719
248 4635
248 7020
249 9805
249 1173
250 9656
250 6297
251 2569
251 5993
252 4113
252 3134
253 1908
253 6132
254 5264
254 6422
255 3889
255 4719
256 2395
256 5022
257 5000
257 8335
258 6748
258 7758
259 7041
259 4939
260 2177
260 6220
261 6162
262 7184
262 6017
263 5384
263 5319
264 1824
264 6698
264 2106
264 4502
265 5273
265 7375
266 7196
267 5138
267 9622
268 5146
268 6581
269 6929
269 990
270 5968
270 820
271 5309
271 5591
272 8957
272 3359
273 5164
273 9990
274 2769
274 3238
275 8065
275 5429
276 5974
276 7934
277 2333
277 4935
278 4394
279 5679
279 6719
280 3425
280 5363
281 5521
281 5045
282 8785
282 4758
283 7457
283 1309
284 8315
284 2284
285 9642
285 5303
286 6460
286 3661
287 1784
287 6277
288 3564
288 5669
289 4320
289 5246
290 5931
290 1699
291 9610
291 5223
292 9370
292 1710
293 9090
293 2659
294 3985
294 660
295 8042
295 8942
296 4588
296 9182
297 957
297 4775
298 4642
298 6518
299 9282
299 3862
300 2577
300 1725
301 5250
301 7165
302 7057
302 4025
303 9344
303 6669
304 7578
304 6799
305 3546
305 9028
306 3446
306 2166
307 2331
307 3532
308 1852
308 4950
309 1112
309 7713
310 4971
310 1567
311 3633
311 2489
312 6843
312 5933
313 5590
313 4766
314 3089
314 9046
315 9137
315 1675
316 7719
316 5911
317 9692
317 6838
318 7097
318 7334
319 4112
319 7380
320 6952
320 3505
321 9218
321 1059
322 9353
322 6598
323 3724
323 3349
324 8871
324 4599
325 5140
325 7167
326 6349
327 1563
327 6287
328 4744
328 1981
329 1152
329 3036
330 7946
330 563
331 1752
331 4024
332 4865
332 6787
333 2850
333 9699
334 9208
334 9279
335 1256
335 8964
336 403
336 6103
337 9173
337 6471
338 5803
338 3685
339 2185
339 948
340 9444
340 7783
341 3464
341 630
342 5917
342 701
343 4921
343 8985
344 3098
344 805
345 8026
345 6300
346 4291
346 5870
347 6384
347 9048
348 5241
348 9137
349 9161
349 2018
350 5808
350 7924
351 2107
351 1365
352 374
352 1462
353 6186
353 1516
354 8040
354 3922
355 3686
355 4254
356 6506
356 1375
357 3961
357 6679
358 1032
358 5055
359 3505
359 6362
360 6523
360 517
361 1871
362 9237
362 3493
363 6387
363 1398
364 5863
364 5039
365 756
365 8685
366 9694
366 567
367 5194
367 1918
368 2720
368 1737
369 7243
369 7027
370 9658
370 5399
371 784
371 3357
372 9376
372 4470
373 2096
373 8347
374 3289
375 9405
375 1982
376 9771
376 8455
377 1099
377 9725
378 4192
378 2339
379 3232
379 9022
380 8842
380 5476
381 5712
381 2883
382 9838
383 2712
383 3070
384 9068
384 5324
385 2960
385 5307
386 7793
386 3283
387 8804
387 6647
388 3602
388 463
389 3776
389 6061
390 4259
390 7412
391 9091
391 3191
392 5989
392 8190
393 3770
393 3387
394 3048
394 3056
395 6937
395 6278
396 9820
396 8492
397 2280
397 6482
398 8456
398 7474
398 8490
398 9533
399 9480
399 7767
400 4136
400 6962
400 861
400 430
401 4753
401 7359
402 5873
402 1203
403 5745
404 4441
404 8003
405 8563
405 1461
406 3194
406 2413
407 8508
407 9574
408 3850
408 8989
409 3085
409 2207
410 1003
410 3365
411 9383
411 5855
412 9330
412 7295
413 1730
413 8374
414 8514
414 3125
415 2713
415 730
416 3403
416 7948
417 2269
417 6990
418 4593
418 1964
419 6178
419 1651
420 7001
420 7527
421 5362
421 8511
422 6448
422 1675
423 2437
423 942
424 1697
424 2925
425 1165
425 5711
426 8922
426 2773
427 4144
427 7450
428 7048
428 4462
429 1952
429 8746
430 4136
430 6653
430 6919
431 874
431 8671
432 2323
433 4068
433 7919
434 8160
434 7436
435 2878
435 879
436 1324
436 2493
437 865
437 4660
438 3401
438 8129
439 798
439 6959
440 5444
440 8766
441 2781
441 8582
442 4720
442 9915
443 2369
443 4230
444 1531
444 5351
445 8960
445 8951
446 6208
446 5389
447 7728
447 9017
448 9286
448 7862
449 9992
449 1555
450 6368
450 7010
450 2059
450 2941
451 9393
451 3038
452 7643
452 8108
453 1070
453 535
454 5214
454 8807
455 7098
455 8322
456 4394
456 5509
457 890
457 3716
458 1083
458 9662
459 5224
460 5224
460 3059
461 5267
461 3932
462 7325
463 4404
464 8102
464 3063
465 1345
466 8761
466 9060
467 4385
467 5730
468 9058
468 6747
469 2753
469 5735
470 4296
470 1252
471 2768
471 1094
472 4554
472 747
473 9042
473 4942
474 8448
474 6993
475 7664
475 8405
476 1901
476 3006
477 6987
477 2908
478 3152
478 1881
479 1667
479 2453
480 4584
480 5020
481 5663
481 9271
482 6138
482 839
483 2754
483 9383
484 9341
484 1495
485 4932
485 4085
486 1850
486 2165
487 8088
487 9690
488 5323
488 7598
489 4752
489 5320
490 6377
490 4287
491 9896
491 5306
492 3842
492 1540
493 3314
493 7653
493 1582
493 5439
494 2648
494 6759
495 9186
495 9531
496 3585
496 7618
497 1224
497 7259
498 4688
498 7462
499 2137
499 7276
500 2416
500 617
501 7476
501 9558
502 9669
502 4607
503 1633
503 4825
504 1684
505 3656
505 4283
506 2486
506 775
507 7076
507 6782
508 1229
508 6309
509 610
509 3367
510 7734
510 911
511 8380
511 2204
512 5431
512 5455
513 8620
513 9759
514 2902
514 2743
515 8193
515 7711
516 1072
516 8550
517 8425
518 9476
518 2541
519 6179
519 7403
520 1520
520 3084
521 6439
521 2111
522 5289
522 5895
523 6130
523 637
524 5818
524 8822
525 3464
525 8992
526 6042
526 1221
527 8509
527 3095
528 9973
528 4015
529 4219
530 4896
530 2582
531 8610
531 2262
532 1962
532 7724
533 7981
533 7143
534 8403
534 4109
535 9602
536 3890
536 4356
537 5568
537 3046
538 2080
538 9543
539 8035
539 5453
540 4359
541 6746
541 7650
542 7092
542 1047
543 5809
543 4398
544 5040
544 1514
545 683
545 2919
546 910
546 702
547 1706
547 8762
548 6121
548 2807
549 3416
549 909
550 5021
550 6863
551 4884
551 7094
552 5498
552 4668
553 6238
553 3623
554 649
554 2931
555 8489
555 3590
556 3762
556 7891
557 7502
558 8789
558 9349
559 8506
559 3812
560 1211
560 1804
561 3874
561 4326
562 5334
562 9134
563 9763
564 7466
565 3657
565 7601
566 8872
566 3904
567 9227
568 5376
569 1648
569 6061
570 2899
570 1812
571 7341
571 974
572 9912
572 6001
573 6618
573 2203
574 3777
574 4383
575 8717
575 2893
576 3640
576 1599
577 9948
577 3575
578 3020
578 9438
579 9354
579 4708
580 1312
580 7492
581 3233
581 1604
582 1069
582 2205
583 2826
583 2742
584 4526
584 5135
585 8296
585 4747
586 5160
587 5456
587 6930
588 6265
588 4069
589 4729
589 8407
590 8684
590 3574
591 1488
591 9773
592 8578
592 9063
593 1662
593 1847
594 4673
594 5492
595 7595
595 3332
596 9837
596 9390
597 857
597 6106
598 8586
598 8571
599 1698
599 6238
600 6152
600 1843
601 7592
601 2690
602 892
602 7903
603 3088
603 5649
604 3400
604 3195
605 3241
605 2709
606 3667
606 9372
607 5969
607 1874
608 1740
608 2238
609 7813
609 5215
610 6769
611 8776
611 2382
612 8188
612 8428
613 5769
613 1282
614 1578
614 815
615 2473
615 6620
616 4330
616 5029
617 4362
618 9688
618 6481
619 2514
619 7191
620 1076
620 5997
621 7872
621 2038
622 4035
622 6063
623 8408
623 9341
624 1296
624 6899
625 6801
625 9595
626 1372
626 9318
627 8700
627 2038
628 762
628 2374
629 5448
629 8914
630 1639
631 4289
631 1130
632 5666
632 4735
633 4072
633 5899
634 1425
634 1014
635 2542
635 6383
636 1297
636 6780
637 1930
638 2668
638 6671
639 746
639 8444
640 1257
640 6917
641 9506
641 2154
642 5540
642 9629
643 803
643 3031
644 8954
644 6011
645 7122
645 7422
646 7122
646 8758
647 4874
647 684
648 8570
648 7454
649 8025
650 9451
650 9862
651 6968
651 3709
652 5610
652 1219
653 2964
653 3453
654 1724
654 780
655 6848
655 7119
656 3561
656 6131
657 9059
657 5533
658 6778
659 5421
659 2951
660 4521
661 3381
661 5958
662 7297
663 8138
663 5710
664 3976
664 4438
665 6650
665 3876
666 8016
666 8361
667 7451
667 3541
668 5065
668 1473
669 9530
669 4581
670 2992
670 3499
671 9507
671 3219
672 9560
672 3624
673 2879
673 4511
674 3185
674 1100
675 6090
675 6181
676 1676
676 6141
677 8880
677 7482
678 2766
678 9727
679 1889
679 3455
680 4624
680 8743
681 8552
681 9250
682 1992
682 8030
683 1877
684 6362
685 5220
685 9517
686 5739
686 6150
687 2972
687 3613
688 5789
688 7591
689 928
689 9009
690 6209
690 5681
691 7078
691 9559
692 4090
692 9458
693 4466
693 5493
694 8008
694 3838
695 8392
695 3508
696 3626
696 4094
697 7000
698 9978
698 887
699 5850
699 5478
700 3209
700 5300
701 4902
702 5005
703 6330
703 8391
704 1441
704 5758
705 8155
705 3307
706 4417
706 7980
707 1273
707 6604
708 3993
708 2613
709 1099
709 1523
710 7600
710 6980
711 4432
711 2657
712 5696
712 9316
713 4848
713 7450
714 8840
714 880
715 6531
715 4221
716 1049
716 755
717 6025
717 6644
718 950
718 2318
719 9579
719 2957
720 9884
720 9924
721 9897
721 2025
722 6587
722 9423
723 4208
723 741
724 5700
724 3054
725 8192
725 9228
726 9570
726 9907
727 2720
727 8940
728 3938
728 3003
728 4157
728 9398
729 4272
729 2577
730 4355
731 3078
732 5520
732 3759
733 4826
733 3306
735 5624
735 6583
736 9669
736 2922
736 5716
736 1157
737 9921
737 7230
738 8592
738 2914
739 3081
739 6981
740 770
740 1782
741 8420
742 2754
742 5527
743 4187
743 6374
744 6216
744 6611
745 8087
746 2125
747 4835
748 7090
748 2445
749 976
749 9957
750 2207
750 6239
751 1859
751 5598
752 8368
752 7046
753 3771
753 9399
754 2710
754 5039
755 9861
756 9846
757 3746
757 8359
758 5780
758 4893
759 987
759 1382
760 4955
760 7734
761 8075
761 1452
762 2943
763 8315
763 9820
764 2387
764 5973
765 1912
765 7780
766 8010
766 9821
766 2501
766 838
767 7224
767 1451
768 6100
768 8206
769 6740
769 4142
770 6297
771 1449
771 2165
772 8660
772 7493
773 9944
773 5190
774 4138
774 7445
775 3839
776 2593
776 1766
777 6578
777 5791
778 4368
778 7214
779 9581
779 4286
780 7468
781 2000
781 4534
782 8860
782 4277
783 2250
783 5588
784 9732
785 5356
785 8862
786 8975
787 3744
787 7597
788 9612
788 4797
789 2579
789 5835
790 6170
790 4614
791 4444
791 7006
792 5508
792 3917
793 7764
793 2286
794 6657
794 4199
795 1345
795 6996
796 5653
796 2111
797 4089
797 8227
798 8420
799 8209
799 6333
800 6672
800 6551
801 4176
801 6063
802 3737
802 2134
803 7890
804 7635
804 7615
805 9943
806 1377
806 8444
807 5312
807 6484
808 1400
808 9974
809 1553
809 7828
810 2040
810 8950
811 8565
811 4910
812 8801
812 5891
813 6256
813 8163
814 8150
814 6623
815 2702
816 8349
816 5014
817 7844
817 9565
818 4585
818 8933
819 954
819 6565
820 5338
821 6764
821 2214
822 9016
822 4930
823 7665
823 9273
824 2412
824 2981
825 1242
825 5574
826 5538
826 9165
827 5763
827 1415
828 2875
828 7163
829 5057
829 2339
830 7227
830 7277
831 1325
831 5558
832 888
832 5287
833 9360
833 7745
834 8632
834 6954
835 8513
835 2620
836 7137
836 9517
837 3394
837 4773
838 1676
838 4317
838 9821
839 6634
840 2266
840 2403
841 3620
841 1829
842 8579
842 1996
843 8146
843 7324
844 884
845 8400
845 5247
846 7792
846 2020
847 4864
847 2074
848 1770
848 1180
849 3212
849 1036
850 5826
850 3556
851 2270
851 3855
852 2552
852 8891
853 3530
853 3773
854 7609
854 8261
855 7425
855 7875
856 3925
856 1525
857 1479
858 6547
858 6997
859 2962
859 3502
860 4933
860 6351
861 5119
862 3465
862 2103
863 7483
863 4724
864 3545
864 1462
865 4269
866 6475
866 3931
867 8442
867 3895
868 7286
868 2823
869 2691
869 7053
870 1334
870 9879
871 3384
871 6677
872 6336
872 2255
873 944
873 3980
874 4483
875 9281
875 4278
876 4541
876 4143
877 8520
877 1385
878 7541
878 7821
879 7801
880 8225
881 2146
881 1221
882 9808
882 9682
883 2857
883 5077
884 7451
885 2864
885 966
886 1894
887 5577
888 1322
889 5781
889 6102
890 5439
891 9520
891 4775
892 5718
893 1852
893 1757
894 9298
894 5951
895 7627
895 8284
896 8543
896 1575
897 9939
897 8879
898 5073
898 6798
899 2012
899 4910
900 1322
900 7396
901 8132
901 5668
902 6234
902 3295
903 3568
903 9999
904 5000
904 6020
905 5664
905 6469
906 8311
906 5743
907 5340
907 3647
908 7154
908 4266
909 7742
910 4935
911 2615
912 1762
912 6955
913 3096
914 3188
914 4596
915 3167
916 3725
916 2830
917 9692
917 4228
918 3074
918 8678
919 2835
919 5279
920 5961
920 8754
921 2169
921 5196
922 9081
922 2254
923 6808
923 2868
924 7328
924 4457
925 8130
925 6215
926 2646
926 2662
927 2724
927 7687
928 7058
929 3595
929 1166
930 9164
930 4909
931 6948
931 5829
932 7969
932 4508
933 2193
933 5229
934 1785
934 5637
935 8850
935 3884
936 5528
936 2958
937 9371
937 6509
938 4124
938 9685
939 1401
939 4196
940 1739
940 5228
941 1229
941 3038
942 6044
943 6913
943 2843
944 4093
945 1013
945 1975
946 4420
946 5414
947 8920
947 7851
948 1493
949 5184
949 5062
950 7428
951 8052
951 1607
952 2344
952 9394
953 9035
953 3389
954 3300
955 1606
955 9294
956 2730
958 1815
959 6406
959 2839
960 1696
960 7158
961 9104
961 7036
962 5065
963 2297
963 6341
964 2601
964 1733
965 2705
965 3989
966 1688
967 8658
967 4997
968 9386
968 5597
969 6012
969 5468
970 4412
970 5783
971 3296
971 6313
972 8977
972 9612
973 3752
973 7258
974 4214
975 2480
975 7917
976 4296
977 5484
977 1125
978 7953
978 9210
979 8033
979 5325
980 5066
980 1029
981 2763
981 4180
982 6187
982 1612
983 7354
983 6723
984 5020
984 8677
985 6505
985 6927
986 4448
986 4566
987 9457
988 6546
989 3328
989 4977
990 9839
991 5795
991 4293
992 9120
992 3827
993 7426
993 4524
994 8385
994 4342
995 6052
995 2422
996 3472
996 2072
997 2968
997 3659
998 7507
998 5126
999 2449
1000 1569
1000 3246
1001 6600
1001 4633
1002 4553
1002 9007
1003 9339
1004 3567
1005 6833
1005 5101
1006 6532
1006 3391
1007 4907
1007 1483
1008 5544
1008 3692
1009 2939
1009 4275
1010 3415
1010 4415
1011 8532
1011 2717
1012 5880
1012 2736
1013 5179
1014 3516
1015 4160
1015 2965
1016 4753
1016 7964
1017 7969
1017 3194
1018 2553
1018 9979
1019 8798
1019 3247
1020 9392
1020 6569
1021 3875
1021 1927
1022 5696
1022 6593
1023 9092
1024 7128
1024 2271
1025 8736
1025 4316
1026 9368
1026 7582
1027 3848
1027 2842
1028 8217
1028 1209
1029 6726
1030 8656
1030 9326
1031 5009
1031 4141
1032 3570
1033 4977
1033 8159
1034 4058
1034 2293
1035 3107
1035 3948
1036 7452
1037 2003
1037 3982
1038 4761
1038 6111
1039 8490
1039 5277
1040 2989
1040 5799
1041 6022
1041 2519
1042 5248
1042 8257
1043 9792
1043 5117
1044 4300
1044 3397
1045 8153
1045 7931
1046 6154
1046 4091
1047 2316
1048 8986
1048 4397
1049 4090
1050 9754
1050 1931
1051 9754
1051 1811
1052 7801
1052 9527
1053 6179
1053 6158
1054 5521
1054 5782
1055 2882
1055 4943
1056 7009
1056 4460
1057 9954
1057 8229
1058 9083
1058 8659
1059 8332
1060 6928
1060 7261
1061 1545
1061 8354
1062 6605
1062 8358
1063 8889
1063 3173
1064 9779
1064 8965
1065 7032
1065 6344
1066 4307
1066 9303
1067 8107
1067 8526
1068 4019
1069 3691
1070 1726
1071 4236
1071 7476
1073 7961
1073 4765
1074 3696
1074 7575
1075 4614
1076 6156
1077 8225
1077 3589
1078 4276
1078 7838
1079 5998
1079 9047
1080 2362
1080 1742
1081 8112
1081 1997
1082 3106
1082 3115
1083 2812
1084 1851
1085 2888
1086 2824
1086 2972
1087 1338
1087 3749
1088 1589
1088 8999
1089 3739
1089 8891
1090 1843
1090 9131
1091 3136
1091 5244
1092 6343
1092 4895
1093 5900
1093 6188
1094 7641
1095 1147
1095 3101
1096 4890
1096 1683
1097 4001
1097 4025
1097 8845
1097 2519
1098 5450
1098 6412
1100 2256
1101 3769
1101 4238
1102 7798
1102 6830
1103 7219
1103 9501
1104 5314
1104 3764
1105 2858
1105 5402
1106 2466
1106 5837
1107 9338
1108 1269
1108 9077
1109 4988
1109 5116
1110 3534
1110 1471
1111 1336
1111 8823
1112 2906
1113 4937
1113 6306
1114 7953
1114 9570
1115 7080
1115 8180
1116 2672
1116 5016
1117 3524
1117 8284
1118 4169
1118 9635
1119 9240
1119 7317
1120 6389
1120 7335
1121 3061
1121 3797
1122 6978
1122 1220
1123 8530
1123 5212
1124 6745
1124 4303
1125 2731
1126 1137
1126 3062
1127 8099
1127 9503
1128 2650
1128 3827
1129 4185
1129 6636
1130 9756
1131 5428
1131 3710
1132 8577
1132 8004
1133 7032
1133 1348
1134 9087
1134 6295
1135 8446
1135 6247
1136 2633
1136 6188
1137 7512
1138 7546
1138 7404
1139 5169
1139 4044
1140 2237
1140 3702
1141 1893
1141 9655
1142 4697
1142 7118
1143 7970
1143 7812
1144 7727
1144 6207
1145 7728
1145 4001
1146 1523
1146 1622
1147 1835
1148 9202
1149 6592
1149 5178
1150 1826
1150 9838
1151 1416
1151 9233
1152 4852
1153 9579
1153 5772
1154 7984
1154 7562
1155 5698
1155 7803
1156 5266
1156 3460
1157 1193
1158 1240
1158 2117
1159 5186
1159 7071
1160 1717
1160 5765
1161 5365
1161 9070
1162 4888
1162 4156
1163 2144
1163 7571
1164 6066
1164 7291
1165 3362
1166 9033
1167 4856
1167 4195
1168 7257
1168 2147
1169 1257
1169 5663
1170 9776
1170 9236
1171 3545
1171 3311
1172 2716
1172 8126
1173 6829
1174 2780
1174 9406
1175 2838
1176 6153
1176 6292
1177 6112
1177 9566
1178 2312
1178 2825
1179 1432
1179 2529
1180 2751
1181 4402
1181 3756
1182 8892
1182 1527
1183 6501
1183 3749
1184 8660
1184 1525
1185 7752
1185 5322
1186 9720
1186 6676
1187 7585
1187 1450
1188 1396
1188 4519
1189 2256
1189 4725
1190 9312
1190 1915
1191 1580
1191 7110
1192 3721
1192 9207
1193 5699
1194 6021
1194 2623
1195 5368
1195 4338
1196 6857
1196 7810
1197 9803
1197 7876
1198 5592
1198 8276
1199 9433
1199 9107
1200 3009
1200 9373
1201 6197
1201 6845
1202 8785
1202 5115
1203 4490
1204 4923
1204 8572
1205 6448
1205 2276
1206 8704
1206 5967
1207 8434
1207 2547
1208 3013
1208 9463
1209 4213
1210 4422
1210 3103
1211 6573
1212 8057
1212 4478
1213 8973
1213 4990
1214 2916
1214 3719
1215 3006
1215 7638
1216 1443
1216 1374
1217 1648
1217 6596
1218 2929
1218 2750
1219 4229
1220 3047
1222 1714
1222 2298
1223 7441
1223 9780
1225 9888
1225 3279
1226 5297
1226 9987
1227 4641
1227 9162
1228 4988
1230 7282
1231 3413
1231 7503
1232 6232
1232 6323
1233 6160
1233 1998
1234 2112
1234 4482
1235 2563
1235 7287
1236 4538
1236 6662
1237 7626
1237 8218
1238 3178
1238 9109
1239 5211
1239 8301
1240 2996
1241 8638
1241 9599
1242 6613
1243 3554
1243 9358
1244 3379
1244 5078
1245 3035
1245 4531
1246 6932
1246 8437
1247 8000
1247 1891
1248 2523
1248 9276
1249 6463
1249 6047
1250 6417
1250 1526
1251 9434
1251 4028
1252 1657
1253 7480
1253 6051
1254 8747
1254 5011
1255 4227
1255 2965
1256 4311
1258 8080
1258 4985
1259 1856
1259 4205
1260 8024
1260 6682
1261 3410
1261 7255
1262 4634
1262 7175
1263 2281
1263 5633
1264 8224
1264 4646
1265 8528
1265 5627
1266 8846
1266 9247
1267 5069
1267 3919
1268 5741
1268 3966
1269 4556
1270 6685
1270 8702
1271 3368
1271 9662
1272 4672
1272 3407
1273 1569
1274 8763
1274 5957
1275 6024
1275 2079
1276 5794
1276 8798
1277 4744
1277 8324
1278 7136
1278 2756
1279 4193
1279 6966
1280 9496
1280 7125
1281 2856
1281 5646
1282 5847
1283 4993
1283 8876
1284 4768
1284 8275
1285 9716
1285 6614
1286 1385
1286 1878
1287 5376
1288 9979
1288 2461
1289 8050
1289 9814
1290 4336
1290 5030
1291 3704
1291 7774
1292 9564
1292 6997
1293 6699
1293 1748
1294 7832
1294 7614
1295 9048
1295 3646
1296 9859
1297 2066
1298 4193
1298 9095
1299 1589
1299 2733
1300 2368
1300 1722
1301 9064
1301 5636
1302 6346
1302 2527
1303 4488
1303 6417
1304 3569
1304 6268
1304 7206
1304 3751
1305 4968
1305 7485
1306 9489
1306 4983
1307 1766
1307 6303
1308 5768
1308 2653
1309 4862
1310 7827
1310 5583
1311 7382
1311 5366
1312 1696
1313 6403
1313 6223
1314 2962
1314 3439
1315 2783
1316 9736
1316 8751
1317 3509
1317 7823
1318 8637
1318 9782
1319 4680
1319 3393
1320 7055
1320 5943
1321 5878
1321 9375
1323 3722
1323 4378
1324 9448
1325 3611
1326 6586
1326 8627
1327 2587
1327 3548
1328 9299
1328 3238
1329 9200
1329 3503
1330 9792
1331 5560
1331 4783
1332 2565
1332 2887
1333 4657
1333 5244
1334 5322
1335 5513
1335 7135
1336 3419
1337 5737
1337 5151
1338 6963
1339 2392
1339 1554
1340 4290
1340 7604
1341 1498
1341 3054
1342 7416
1342 1406
1343 4162
1343 6645
1344 2185
1344 6693
1346 6176
1346 1444
1347 2393
1347 7715
1348 2311
1349 4459
1349 8524
1350 7336
1350 3601
1351 1640
1351 6823
1352 2790
1352 6086
1353 3715
1353 4852
1354 8305
1354 1613
1355 1561
1355 3438
1356 2748
1356 7172
1357 3120
1357 5947
1358 2168
1358 4643
1359 9872
1359 6125
1360 3861
1360 3045
1361 9867
1361 1679
1362 1681
1362 9005
1363 8277
1364 4769
1364 4719
1365 2284
1366 9052
1366 5206
1367 5960
1368 8724
1368 9765
1369 8856
1369 5894
1370 4714
1370 9911
1371 4507
1371 1975
1372 8233
1373 5072
1373 3637
1374 2878
1375 9021
1376 9106
1376 7716
1377 9421
1378 3454
1378 9726
1379 4601
1379 9910
1380 9784
1381 7248
1381 2505
1382 6270
1383 2898
1383 5219
1384 3818
1384 9652
1386 9445
1387 5960
1387 2877
1388 6038
1388 2999
1389 7176
1389 6817
1390 8857
1390 8261
1391 2375
1391 2711
1392 9688
1392 3102
1393 8228
1393 8669
1394 3672
1394 4906
1395 3184
1395 5826
1396 9868
1397 2820
1397 9254
1398 7589
1399 3923
1400 9874
1401 4631
1402 7353
1402 9194
1403 3379
1403 9198
1404 8362
1405 1533
1405 9623
1406 9968
1407 2707
1407 7107
1408 5152
1408 8826
1409 7273
1409 6332
1410 1538
1410 4411
1411 8522
1411 8820
1412 6700
1412 6845
1413 3141
1413 2845
1414 5909
1414 4423
1415 4138
1416 6672
1417 5529
1417 7582
1418 3709
1419 6210
1419 7013
1420 9464
1420 8727
1421 3736
1421 4365
1422 7489
1422 5594
1423 6468
1424 9100
1424 8605
1425 5741
1426 6594
1426 1546
1427 6998
1428 8708
1428 5238
1429 9340
1429 2007
1430 7702
1430 8343
1431 7508
1431 5807
1432 4666
1433 7553
1433 7967
1434 2913
1434 9286
1435 3552
1435 5821
1436 9498
1436 6725
1437 5110
1437 8103
1438 6633
1438 1932
1439 9904
1439 9010
1440 4305
1440 7087
1441 6321
1442 6371
1442 2198
1443 3355
1444 6014
1445 5262
1445 3743
1446 7308
1446 6694
1447 3640
1447 7722
1448 7311
1448 9695
1449 5558
1450 6256
1451 2391
1452 3076
1453 4968
1453 3148
1454 9148
1454 5991
1455 2504
1455 4330
1456 7555
1456 9317
1457 5122
1457 2031
1458 2584
1458 5773
1459 3507
1459 7419
1460 7209
1460 7922
1461 4873
1463 4236
1463 2895
1464 7922
1464 1491
1465 5387
1465 9667
1466 4859
1466 7662
1467 8395
1467 4679
1468 7200
1468 3427
1469 5146
1469 4123
1470 9192
1470 3557
1471 1893
1472 3512
1472 3929
1473 7987
1474 8212
1474 5751
1475 6739
1475 6758
1476 8593
1476 8334
1477 7602
1477 7886
1478 5628
1478 1828
1479 4194
1480 4065
1480 3594
1481 2021
1481 3089
1481 7957
1481 5902
1482 5690
1482 7085
1483 5050
1484 9465
1485 3825
1485 7710
1486 7190
1486 7151
1487 5347
1487 6573
1488 2690
1489 2970
1489 6740
1490 4517
1490 7039
1491 1972
1492 2361
1492 8705
1493 6003
1494 1713
1494 1618
1495 3451
1496 3056
1496 3224
1497 2403
1497 2812
1498 2011
1499 3220
1499 7015
1500 4333
1500 6222
1501 7912
1501 8595
1502 5634
1502 3877
1503 1777
1503 9066
1504 4472
1504 7749
1505 5648
1505 3433
1506 6144
1506 4309
1507 4105
1507 1997
1508 3128
1508 7145
1509 5784
1509 2157
1510 8427
1510 4061
1511 2817
1511 3430
1512 6652
1512 8012
1513 4262
1513 8407
1514 8223
1515 2031
1515 4319
1516 4784
1517 6283
1517 8932
1518 6186
1518 2683
1519 8738
1519 5535
1520 3591
1521 9866
1521 3924
1522 1777
1522 9548
1524 4405
1524 4781
1526 2435
1527 6920
1528 9649
1528 4204
1529 7849
1529 9290
1530 3183
1530 3703
1531 9430
1532 4256
1532 6302
1533 6183
1534 2513
1534 8542
1535 7172
1536 6058
1536 9020
1537 4081
1537 7180
1538 4471
1539 9949
1539 9342
1540 5723
1541 5606
1541 4631
1542 7038
1542 7750
1543 3388
1543 4940
1544 6441
1544 8628
1545 6886
1546 9423
1547 3772
1548 4324
1548 2069
1549 6921
1549 9005
1550 8144
1550 1636
1551 4592
1552 1624
1552 5506
1553 4964
1554 7984
1555 6951
1556 1682
1556 3660
1557 2423
1557 4575
1558 7768
1558 7240
1559 8016
1559 2016
1560 9105
1560 1939
1561 2040
1562 2851
1562 5199
1563 5721
1564 9232
1564 7894
1565 2241
1565 4116
1566 9712
1566 5317
1567 9715
1568 4620
1568 6693
1570 3093
1570 8669
1571 5660
1571 6807
1572 2050
1572 1917
1573 5889
1573 4550
1574 2470
1575 1705
1576 6288
1576 7746
1577 7212
1577 3583
1578 6139
1579 7765
1579 3855
1580 5114
1581 9710
1581 1591
1583 6533
1583 3894
1584 5345
1584 3698
1584 8506
1585 9740
1585 3197
1586 9016
1586 6048
1587 8894
1587 9991
1588 7538
1588 4830
1590 9130
1590 8485
1591 7878
1592 4042
1592 9885
1593 3410
1593 7318
1594 9161
1594 4295
1595 7084
1595 3494
1596 8540
1596 6734
1597 7040
1597 2964
1598 9202
1598 8742
1599 8361
1599 3763
1599 9183
1600 6936
1600 4252
1601 8489
1601 4798
1602 7923
1602 7109
1603 2389
1603 8678
1604 5918
1605 4238
1605 9550
1606 4757
1607 6169
1608 2162
1608 4115
1609 5964
1609 5493
1610 9690
1610 5015
1611 4571
1611 4885
1612 3211
1613 9818
1614 6907
1614 6743
1615 1960
1615 2862
1616 9402
1616 7194
1617 9749
1617 6005
1618 7755
1619 4158
1619 3863
1620 9100
1620 8318
1621 9588
1621 3814
1622 7029
1623 9129
1623 2194
1624 4620
1625 5617
1625 4959
1626 8948
1626 5799
1627 9829
1627 8125
1628 8089
1628 8435
1629 8868
1629 9789
1630 5472
1630 6040
1631 3232
1631 2681
1632 6136
1632 9180
1633 8391
1634 4658
1634 1647
1635 2053
1635 7631
1636 2252
1637 1642
1637 1963
1638 8453
1638 9686
1639 9663
1640 6580
1641 8064
1641 5959
1642 2618
1643 7060
1643 9030
1644 3650
1644 9074
1645 4875
1645 3620
1646 8165
1646 7846
1647 4073
1649 9954
1649 3654
1650 4424
1650 4459
1651 5388
1652 4809
1652 8938
1653 5475
1653 4103
1654 4163
1654 4991
1655 5144
1655 5388
1656 5136
1656 3922
1657 3274
1657 2005
1657 7510
1658 2491
1658 9037
1659 2978
1659 8516
1660 7492
1660 6110
1661 9098
1661 2187
1662 9018
1663 3108
1663 4941
1664 8867
1664 8292
1665 5182
1665 2511
1666 5416
1666 1764
1667 9530
1668 4231
1669 4400
1669 6618
1670 9283
1670 6900
1671 6415
1671 2855
1672 4395
1672 9852
1673 2513
1673 6706
1674 3484
1674 7806
1677 8062
1677 7319
1678 9148
1678 1822
1679 2468
1680 6847
1681 7825
1682 2184
1683 6991
1684 6057
1685 8756
1685 1983
1686 6555
1686 3476
1687 9232
1687 8714
1688 7173
1689 4992
1689 3252
1690 7178
1690 8934
1691 7347
1691 3071
1692 8176
1692 8607
1693 3282
1693 4948
1694 4010
1694 9671
1695 2001
1695 5454
1697 3721
1697 3882
1698 9489
1699 8696
1700 5370
1700 3578
1701 6349
1701 5007
1702 8501
1702 9031
1703 6312
1703 5941
1704 3201
1704 5615
1705 3345
1706 3187
1707 8477
1707 2013
1708 2627
1708 9236
1709 7158
1709 5031
1710 4804
1711 6025
1711 6500
1712 9753
1712 9222
1713 2460
1714 8757
1715 3470
1715 9887
1716 9786
1716 8333
1717 8540
1718 8145
1718 5133
1719 8835
1720 5203
1720 2998
1721 6416
1721 2743
1722 9044
1723 6074
1723 3898
1724 9496
1725 6647
1726 3629
1727 9002
1727 4646
1728 2026
1728 2355
1729 5442
1729 4486
1730 8381
1731 5536
1731 8812
1732 4848
1732 5802
1734 5403
1735 2082
1735 4619
1736 2627
1736 4294
1737 3076
1738 5817
1738 8803
1739 2804
1740 8836
1741 3337
1741 5437
1742 3970
1743 8811
1743 6974
1744 8772
1744 8022
1745 2755
1745 8735
1746 5285
1746 4566
1747 2808
1748 5526
1749 6162
1749 4149
1750 2755
1750 3061
1751 8656
1751 5445
1752 4442
1753 7786
1753 3366
1754 2744
1754 3276
1755 3048
1755 6461
1756 2400
1756 8683
1757 4199
1758 5352
1758 8036
1759 2306
1759 6284
1760 9752
1760 8895
1761 4816
1761 2714
1762 9790
1763 4323
1763 3110
1764 5301
1765 5401
1765 7683
1767 9313
1767 6850
1768 8806
1768 8694
1769 4937
1769 5926
1770 9211
1771 6026
1771 9436
1772 2641
1772 2591
1773 6594
1773 4263
1774 5272
1774 4246
1775 7004
1775 5141
1776 2652
1776 7925
1778 8825
1778 9111
1779 5125
1779 5813
1780 9531
1780 5653
1781 6850
1781 8602
1782 8299
1783 8691
1783 8020
1784 8419
1785 1978
1786 7800
1786 9900
1787 3224
1787 5825
1788 3480
1788 8726
1789 6030
1790 4987
1790 9101
1791 5501
1791 8886
1792 5332
1792 4502
1793 1857
1793 4010
1794 3642
1794 5124
1795 2235
1795 2694
1796 9745
1796 9675
1797 7410
1797 4117
1798 2042
1799 8952
1799 8162
1800 7698
1800 7469
1801 9129
1801 4956
1802 6793
1802 4718
1803 4780
1804 9988
1805 9224
1805 1955
1806 9336
1806 7651
1807 6737
1807 8590
1808 7796
1808 6463
1809 1875
1809 7139
1810 8074
1810 7989
1811 3976
1812 3908
1813 9759
1813 7919
1814 1996
1814 8701
1815 7706
1816 6228
1816 2542
1817 1873
1817 2654
1818 2738
1818 8398
1819 3312
1819 3522
1820 7849
1820 4562
1821 3524
1821 9262
1822 7361
1823 9248
1823 2305
1824 3931
1824 8243
1824 4502
1825 4288
1825 7903
1826 8618
1827 5675
1827 8923
1828 6683
1829 9203
1830 7514
1830 8019
1831 4585
1831 8060
1832 8768
1832 6068
1833 8816
1833 5418
1834 7208
1834 7039
1835 5502
1836 2928
1836 8285
1837 8612
1837 6468
1838 9976
1838 8232
1839 2290
1839 4191
1840 9352
1840 2591
1841 5160
1841 3463
1842 3506
1842 2482
1844 5856
1844 3958
1845 5631
1846 5389
1846 8926
1847 7101
1848 6795
1848 8925
1849 2448
1849 6811
1850 4187
1851 9448
1853 7857
1853 3070
1854 6523
1854 8158
1855 9416
1855 3706
1856 2298
1857 6457
1858 5812
1858 1959
1859 5649
1860 3488
1860 3091
1861 7986
1861 8268
1862 2112
1862 2234
1863 4531
1863 4157
1864 4231
1864 8599
1865 2540
1865 4215
1866 9140
1866 9637
1867 9420
1867 2615
1868 3960
1868 2059
1869 3242
1869 3666
1870 7235
1870 6245
1871 1971
1872 3164
1872 5325
1873 4926
1874 3716
1875 3286
1876 4333
1876 8525
1877 2602
1878 7292
1879 1896
1879 7413
1880 5490
1880 6934
1881 5519
1882 5336
1882 4579
1883 2539
1883 9476
1884 4664
1884 2229
1885 6379
1885 5276
1886 3881
1886 6619
1887 2656
1887 5430
1888 8226
1888 8589
1889 3997
1890 4914
1890 3277
1891 4353
1892 7697
1894 8301
1895 5404
1895 8213
1896 6264
1897 5875
1897 7972
1898 2489
1898 9324
1899 3808
1899 5258
1900 9079
1900 7495
1901 7480
1902 2594
1902 9510
1903 7384
1903 4080
1904 9144
1904 7528
1905 4897
1905 2002
1906 5840
1906 9990
1907 6836
1907 6365
1908 9173
1909 6648
1910 3517
1910 9311
1911 4136
1911 5239
1912 6470
1913 5792
1913 9635
1914 8017
1914 9218
1915 8963
1916 5490
1916 4179
1917 6335
1918 5913
1919 2307
1919 9878
1920 7992
1920 6571
1921 3752
1921 8124
1922 2682
1922 6371
1923 9866
1923 7652
1924 5889
1924 5516
1925 2637
1925 7310
1926 9802
1926 8747
1927 8902
1928 6000
1928 3073
1929 7067
1929 5911
1930 4449
1931 2723
1932 6938
1933 5038
1933 3422
1934 5393
1934 5165
1935 3728
1935 5380
1936 2208
1936 3600
1937 8401
1937 3426
1938 7281
1938 9361
1939 7036
1940 4522
1940 3052
1941 9464
1941 2094
1942 7988
1942 7452
1943 7768
1943 9370
1944 9410
1944 3938
1945 9916
1945 2462
1946 8778
1946 2083
1947 3780
1947 3332
1948 9938
1948 3299
1949 8413
1949 6502
1950 8123
1950 6405
1951 4005
1951 8551
1952 9303
1953 3091
1953 9211
1954 6713
1954 7628
1955 8078
1956 6033
1956 7563
1957 7058
1957 6590
1958 2696
1958 6351
1959 9006
1960 2113
1961 5497
1961 8310
1962 2445
1963 9407
1964 6015
1965 9643
1966 3354
1966 4188
1967 4944
1967 2842
1968 9616
1968 3766
1969 9065
1969 4303
1970 8368
1970 7854
1971 2438
1972 5182
1973 5736
1973 3015
1974 9524
1974 8693
1976 4858
1976 3796
1977 4794
1978 5744
1979 4889
1979 5445
1980 5794
1980 2790
1981 3417
1982 9731
1983 3330
1984 4907
1984 9603
1985 4145
1985 6227
1986 6704
1986 6886
1987 9268
1987 9300
1988 4460
1988 9317
1989 6901
1989 2390
1990 5161
1990 8346
1991 7704
1991 5229
1992 7153
1993 3929
1993 9122
1994 4892
1994 4623
1995 5504
1995 4099
1998 9375
1999 7580
1999 3260
2000 6869
2001 7525
2002 5474
2003 7068
2004 8466
2004 5086
2005 6608
2005 6577
2005 7510
2006 5107
2006 4389
2007 4488
2008 8267
2008 9155
2009 5426
2009 8677
2010 3249
2010 3122
2011 5739
2012 6732
2013 9615
2014 5216
2014 9098
2015 6755
2016 8038
2017 5346
2017 7533
2018 9310
2019 6204
2019 3653
2020 5712
2021 2488
2021 6545
2021 3089
2022 5274
2022 8603
2023 8979
2023 9205
2024 8924
2024 3652
2025 2224
2026 7876
2027 3642
2027 6373
2028 3129
2028 7075
2029 2625
2030 2907
2030 7748
2032 2152
2032 2810
2033 4174
2034 8120
2034 6323
2035 8521
2035 6742
2036 8826
2036 9685
2037 5147
2037 9132
2039 7737
2039 9945
2041 8881
2041 3007
2042 3576
2043 5699
2043 3588
2044 3780
2044 4332
2045 2917
2045 3350
2046 3830
2046 5335
2047 3667
2047 8709
2048 2547
2048 3543
2049 5715
2049 8291
2050 4220
2051 5024
2051 9222
2052 4168
2052 9891
2053 8870
2054 9876
2054 7975
2055 8251
2055 4803
2056 9668
2057 9762
2057 5411
2058 4976
2058 6654
2060 9408
2060 3635
2061 4404
2061 4805
2062 5083
2062 2326
2063 2292
2064 7033
2064 2265
2065 6395
2066 5092
2067 5463
2067 6023
2068 7736
2068 9340
2069 4007
2070 5073
2071 7155
2071 7367
2072 2347
2073 6772
2073 2653
2074 3571
2075 5449
2075 2647
2076 8001
2076 8604
2077 6070
2077 6166
2078 4480
2078 8113
2079 5236
2080 9940
2081 3840
2081 3674
2082 3978
2083 5872
2084 5267
2084 4815
2085 4853
2085 3478
2086 7394
2086 8387
2087 3483
2087 4839
2088 7166
2088 9887
2089 2895
2089 8567
2090 8912
2090 2184
2091 8384
2092 5056
2092 4132
2093 2321
2093 2386
2094 5742
2095 5386
2095 6028
2096 5511
2097 8152
2097 7920
2098 3649
2098 8538
2099 3351
2099 5967
2100 6752
2100 5890
2101 3794
2101 4951
2102 9905
2102 2516
2103 5920
2104 9344
2105 2389
2106 9181
2107 9289
2108 7378
2108 9682
2109 2826
2109 6742
2110 3112
2110 3192
2113 4043
2114 7218
2114 4255
2115 6218
2115 3614
2116 6474
2116 3518
2117 2853
2118 2952
2118 9870
2119 2500
2119 5015
2120 5570
2120 8803
2121 4808
2121 7170
2122 4705
2122 9863
2123 3323
2123 5437
2124 2928
2124 3970
2125 6198
2126 9556
2127 7376
2127 8668
2128 4063
2129 2241
2129 5581
2130 4887
2131 9881
2131 3701
2132 7928
2132 4833
2133 9557
2133 6079
2134 5988
2135 3218
2135 8157
2136 6535
2136 8319
2137 9842
2138 3296
2138 4754
2139 7115
2139 5341
2140 4723
2140 4791
2141 2872
2141 9071
2142 9270
2142 3207
2143 7657
2143 9910
2144 5657
2145 4268
2145 9532
2146 6139
2147 2824
2148 8171
2148 6988
2149 5413
2149 9455
2150 5976
2150 5079
2151 9561
2151 7503
2152 9815
2153 9264
2153 2675
2154 7314
2155 4041
2155 9539
2156 3856
2156 9497
2157 6958
2158 8422
2158 5167
2159 5058
2159 5458
2160 9312
2160 2945
2161 9569
2161 3754
2162 8878
2163 6076
2163 9287
2164 4496
2164 8746
2165 6554
2165 3509
2166 8623
2167 5036
2167 4343
2168 4696
2169 3552
2170 4723
2170 3766
2171 4530
2171 8902
2172 8082
2172 5754
2173 7418
2173 7614
2174 3170
2174 3423
2175 5433
2175 7298
2176 7850
2176 7095
2177 6718
2178 4416
2178 8177
2179 8323
2179 3259
2180 9466
2180 6791
2181 2880
2181 4565
2182 7215
2183 7315
2183 5500
2186 4505
2186 3678
2187 6281
2188 2756
2188 2957
2189 7753
2189 5382
2190 9847
2190 2319
2191 3768
2191 7116
2192 9025
2192 6092
2194 5975
2195 8433
2195 7106
2196 3309
2196 5981
2197 8653
2197 8239
2198 9561
2199 6803
2199 7349
2200 9880
2200 4031
2201 7518
2201 9823
2202 4117
2202 6006
2203 9225
2204 6192
2205 3628
2206 7418
2206 3322
2208 9674
2209 6922
2209 5931
2210 6896
2210 5619
2211 7658
2211 3893
2212 2592
2212 3350
2213 8169
2213 7348
2214 8252
2215 7352
2215 9061
2216 4640
2216 7941
2217 4913
2217 8127
2218 7236
2218 2581
2219 2560
2219 9901
2220 9201
2220 5818
2221 9360
2221 9484
2222 9008
2222 5883
2223 3043
2223 3199
2224 4021
2225 3908
2225 8453
2226 3131
2226 7367
2227 9748
2227 4485
2228 3713
2229 4728
2230 7163
2230 2236
2231 4336
2231 8411
2232 4386
2232 3450
2233 2678
2233 4167
2234 6308
2235 7095
2237 8703
2238 8638
2239 5076
2239 5621
2240 6168
2240 6843
2242 8928
2242 9935
2243 9922
2243 3253
2244 2370
2244 5583
2245 9721
2245 6338
2246 8622
2246 8759
2247 7653
2247 9078
2248 7339
2248 4940
2249 2819
2249 3134
2251 8060
2251 8733
2252 4694
2253 4172
2254 2475
2255 5284
2257 9900
2257 6726
2258 7486
2258 5623
2259 8617
2259 6763
2260 7976
2260 2753
2261 7082
2261 7407
2262 7002
2263 2440
2263 3887
2264 7840
2264 2655
2265 6800
2266 2903
2267 8944
2267 6378
2267 5085
2267 6080
2268 6120
2268 7954
2269 5156
2270 8591
2271 9741
2272 5245
2272 5958
2273 8141
2273 5118
2274 8960
2274 2321
2274 3788
2274 4532
2275 7456
2276 9309
2277 5769
2277 8931
2278 4161
2278 9397
2279 9521
2279 5345
2280 9580
2281 7634
2282 6011
2282 9414
2283 8568
2283 8279
2285 2597
2285 4863
2286 4406
2287 6864
2287 6878
2288 7620
2288 3149
2289 2512
2289 8173
2290 4595
2291 8574
2291 8430
2292 5689
2293 7352
2294 4512
2294 8208
2295 8624
2295 6213
2296 9769
2296 9865
2297 5746
2299 4298
2299 4580
2300 3004
2300 6892
2301 7793
2301 8189
2302 8809
2302 7853
2303 5070
2303 3334
2304 7459
2304 3373
2305 4004
2306 2985
2307 3821
2308 8522
2308 6420
2309 3692
2309 8949
2310 7489
2310 5751
2311 5221
2312 9128
2313 9595
2313 2381
2314 3041
2314 7270
2315 4696
2315 5236
2316 3256
2317 8497
2317 7518
2318 8514
2319 3926
2320 8000
2320 4899
2321 6619
2321 3788
2322 6056
2322 6918
2323 7127
2324 3067
2324 7092
2325 7665
2325 9620
2326 6046
2327 8808
2327 7364
2328 4731
2328 3221
2329 3082
2329 4548
2330 5892
2330 9727
2331 4013
2332 4563
2332 4684
2333 6541
2334 3761
2334 9335
2335 7810
2335 4155
2336 3137
2336 4227
2337 7880
2337 6600
2338 9768
2340 5825
2340 4282
2341 4792
2341 8765
2342 5840
2342 8138
2343 5001
2343 8396
2344 8492
2345 5705
2345 8658
2346 7157
2346 8934
2347 4401
2348 7528
2348 4082
2349 5685
2349 7966
2350 6267
2350 8741
2351 4294
2352 2844
2352 2847
2353 6298
2353 6053
2354 3118
2354 6823
2355 8426
2356 3684
2356 6021
2357 4726
2358 3394
2358 8382
2359 6232
2359 5956
2360 7656
2360 6002
2361 9524
2362 5983
2363 2426
2363 9700
2364 9666
2364 8655
2365 5697
2365 5667
2366 6677
2366 3157
2367 8554
2367 4855
2368 8294
2369 9379
2370 5258
2371 5429
2371 4845
2372 8770
2372 3935
2373 2899
2373 3655
2374 4352
2375 7487
2376 4114
2376 4791
2377 5531
2377 4509
2378 5427
2378 7327
2379 3126
2379 4406
2380 4837
2380 3239
2381 4841
2382 9490
2383 9457
2383 6172
2384 3784
2384 2715
2384 7422
2384 2999
2385 8932
2386 6871
2387 5517
2388 9826
2388 5349
2390 9660
2391 5213
2392 9863
2393 7201
2394 9834
2394 7743
2395 6965
2396 4520
2396 9956
2397 5226
2397 8270
2398 5379
2398 4030
2399 7619
2399 7915
2400 7667
2401 4880
2401 6654
2402 3012
2402 3399
2404 5822
2404 7398
2405 7616
2405 4003
2406 7581
2406 4070
2407 3380
2407 3230
2408 4233
2408 7788
2409 8913
2409 6709
2410 3904
2410 6226
2411 7720
2411 7579
2412 3055
2413 2656
2414 2843
2415 6236
2415 7676
2416 3179
2417 4824
2417 9194
2418 5505
2418 9346
2419 3748
2419 6157
2420 8608
2420 8337
2421 4137
2421 6762
2423 3148
2424 5378
2424 3189
2425 4817
2425 2443
2426 9167
2427 9553
2427 5242
2428 9858
2428 3079
2429 6376
2429 6623
2430 4925
2430 6798
2431 9465
2431 6377
2432 7833
2432 7868
2433 5923
2433 4942
2434 4613
2435 9618
2436 4011
2436 4524
2437 6399
2438 9280
2439 4857
2439 9822
2440 6979
2441 8945
2441 9518
2442 3011
2442 6493
2443 8114
2444 5489
2444 5027
2446 8224
2446 4175
2447 6875
2447 6751
2448 3346
2449 2938
2450 5289
2451 7544
2451 8245
2452 8625
2452 2772
2453 9231
2454 6996
2454 5701
2455 6480
2455 8645
2456 9890
2457 8640
2457 7334
2458 3120
2458 4836
2459 7120
2459 2498
2460 6938
2462 8675
2463 5522
2463 7412
2464 2856
2464 9684
2465 6910
2465 8543
2466 2821
2467 6696
2467 8651
2468 3556
2469 6571
2469 8910
2470 9515
2471 5609
2471 3460
2472 7760
2472 5079
2473 8402
2474 4456
2474 5745
2475 3594
2476 8776
2476 2993
2477 8425
2477 6454
2478 8066
2478 8644
2479 4793
2479 2543
2480 3785
2481 4113
2481 5175
2482 6354
2483 5449
2483 8731
2484 2890
2484 6251
2485 9219
2485 6487
2486 7080
2487 3826
2487 2719
2488 9705
2490 5417
2490 5991
2491 6649
2492 7088
2492 2555
2493 8946
2494 9778
2494 9397
2495 5611
2495 2750
2496 6129
2496 3866
2497 3385
2497 8195
2498 4079
2499 5680
2499 4904
2500 8101
2501 7741
2502 2515
2502 6404
2503 7490
2503 9142
2504 3967
2505 5480
2506 6219
2506 6140
2507 8635
2507 5844
2508 7435
2508 3020
2509 2816
2509 4656
2510 6138
2510 9042
2511 6326
2512 8159
2514 7061
2515 7978
2516 8421
2517 8418
2517 9467
2518 8784
2519 4025
2519 5694
2520 7957
2520 2983
2521 5480
2521 6294
2522 9110
2522 7159
2523 8180
2524 3745
2525 3365
2526 2747
2526 9391
2527 8381
2528 8161
2528 8711
2529 9748
2530 8418
2530 3803
2531 9450
2531 2603
2532 4938
2532 3492
2533 4378
2533 6447
2534 4674
2534 4774
2535 3755
2535 5596
2536 6520
2536 3646
2537 5628
2537 7517
2538 3910
2538 4310
2539 4987
2540 3934
2541 4106
2543 8414
2544 3739
2544 8853
2545 3400
2545 8818
2546 3748
2546 8436
2548 6088
2548 4382
2549 9971
2549 8917
2550 6768
2550 2802
2551 7530
2551 6780
2552 5542
2553 9214
2554 9257
2554 3388
2555 9830
2556 7851
2556 4501
2557 7583
2557 7511
2558 5609
2558 4346
2559 2638
2560 4234
2561 5611
2561 5756
2562 7850
2562 8086
2563 6547
2564 7065
2564 7142
2565 2590
2566 8282
2566 6286
2567 8064
2567 2859
2568 4929
2568 5525
2569 4366
2570 9251
2570 8094
2571 6588
2571 3902
2572 6804
2573 7331
2573 8724
2574 9403
2574 6343
2575 9875
2575 8559
2576 8219
2576 3531
2578 3728
2578 9159
2579 2896
2580 7634
2580 8837
2581 7156
2582 3523
2583 9363
2583 5855
2584 3947
2585 7240
2585 7715
2586 4474
2586 9726
2587 6882
2588 5316
2589 8392
2589 4733
2590 8057
2592 3373
2593 3710
2594 8828
2595 5585
2595 8753
2596 3075
2596 5511
2597 8856
2598 5319
2598 8527
2599 8936
2599 6246
2600 3600
2600 8029
2601 3790
2603 7778
2604 3345
2604 9413
2605 9014
2605 4391
2606 8210
2606 7084
2607 9412
2607 5950
2608 5987
2608 4965
2609 4736
2609 8415
2610 5096
2610 7498
2611 4769
2611 9388
2612 6097
2612 9036
2613 8135
2614 9537
2614 3197
2616 6250
2616 7550
2617 7569
2617 7677
2618 2675
2619 9056
2619 6936
2620 5131
2621 6841
2621 3294
2622 9532
2622 3814
2623 3208
2624 3275
2624 3325
2625 6906
2626 7375
2628 4096
2628 5487
2629 5968
2629 9267
2630 6724
2630 7510
2631 5953
2631 7309
2632 4721
2632 9261
2633 3411
2634 4616
2634 9113
2635 3699
2635 6133
2636 8309
2636 3750
2637 4505
2638 8956
2639 7072
2639 7123
2640 4368
2640 7637
2641 6558
2642 9299
2642 6132
2643 7387
2643 6340
2644 2650
2644 9773
2645 3320
2645 6121
2646 6992
2647 6392
2648 3852
2649 3795
2649 7535
2651 3905
2651 6492
2652 7078
2654 9267
2655 5785
2657 4081
2658 4903
2659 9167
2660 5688
2660 8737
2661 7624
2661 8969
2662 6607
2663 6458
2663 5003
2664 9850
2664 7293
2665 5387
2665 8686
2666 6413
2666 4918
2667 8885
2668 2891
2669 5249
2669 8810
2670 9034
2670 5343
2671 7536
2671 9431
2672 9997
2673 9224
2673 7805
2674 9099
2674 8198
2676 3514
2676 3917
2677 3582
2677 8447
2678 3900
2679 3260
2679 8125
2680 3449
2680 4563
2681 8404
2682 9501
2683 8855
2684 9992
2684 8212
2685 8235
2685 6774
2686 3428
2686 8006
2687 7617
2687 9547
2688 7673
2688 6093
2689 2848
2689 5497
2691 8786
2692 9493
2692 2798
2693 3265
2693 7842
2694 7998
2695 8778
2695 6027
2695 6165
2695 9349
2696 4822
2697 2995
2697 7559
2698 9365
2698 6670
2699 2885
2699 4815
2700 5600
2700 7847
2701 4722
2701 5331
2702 3243
2703 3760
2703 4363
2704 8137
2705 2973
2706 3315
2706 6357
2706 7590
2706 3687
2707 3499
2708 3412
2708 8397
2709 9625
2710 7535
2711 8721
2712 6862
2713 4712
2714 9512
2715 9937
2715 9217
2715 2999
2716 9542
2717 3751
2718 3627
2718 5774
2719 7558
2721 8716
2721 3205
2722 9177
2722 9951
2723 4973
2724 4361
2724 4258
2724 6401
2725 5316
2725 9789
2726 2782
2726 7079
2727 3467
2727 3214
2728 3987
2728 8478
2729 9724
2729 6700
2730 6902
2731 9435
2732 4803
2732 5788
2733 4083
2734 9776
2734 9511
2735 4064
2736 4018
2737 9777
2737 5204
2738 7933
2739 9011
2739 6827
2740 3720
2740 7128
2741 6306
2741 8042
2742 3242
2744 6842
2745 7231
2746 6924
2746 4462
2747 5559
2748 9435
2749 5990
2749 8775
2751 8039
2752 4832
2752 5582
2757 9449
2757 5191
2758 8722
2758 4762
2759 3755
2759 3245
2760 5965
2760 8143
2761 8449
2761 4890
2762 4209
2763 5283
2764 4132
2764 5655
2765 6387
2765 7404
2766 5447
2767 8240
2767 7342
2768 5630
2769 8216
2770 6400
2770 8352
2771 4821
2771 9023
2772 3374
2773 9093
2774 9163
2774 5292
2775 3737
2775 9039
2776 9673
2776 7050
2777 6443
2777 5564
2778 2939
2778 6887
2778 5757
2778 6735
2779 5591
2780 4655
2781 4844
2782 3913
2783 3608
2784 3612
2784 4727
2785 8794
2785 9541
2786 9429
2786 4806
2787 5349
2787 9446
2788 3347
2788 5684
2789 8897
2789 5123
2791 5888
2791 9801
2792 8106
2792 8767
2793 6193
2793 5820
2794 4705
2794 3025
2795 7639
2796 9970
2796 3311
2797 8396
2797 9014
2798 5698
2799 3533
2799 4582
2800 6489
2800 5780
2801 3592
2801 8564
2802 3829
2803 9696
2803 9589
2804 7662
2805 9009
2805 8684
2806 7496
2806 7449
2807 7700
2808 3965
2809 3576
2809 3200
2810 6951
2811 3680
2811 3573
2813 3404
2813 7023
2814 5385
2814 5419
2815 3066
2815 5318
2816 8958
2817 8051
2818 7890
2818 8659
2819 9522
2820 3072
2821 4346
2822 6617
2822 3215
2823 9844
2825 6133
2827 7896
2827 7350
2828 4434
2828 3060
2829 7003
2829 8443
2830 5928
2831 8030
2832 9071
2832 7591
2833 9509
2833 9998
2834 6737
2834 4787
2836 8988
2836 8118
2837 6896
2837 5151
2838 6384
2839 7145
2840 8521
2840 5223
2841 7314
2841 9252
2844 3057
2845 9108
2846 4954
2846 5620
2847 5674
2848 4898
2849 6873
2849 4415
2850 3670
2851 7946
2852 3592
2852 7094
2853 4503
2854 8470
2854 5927
2857 3625
2858 3090
2859 8588
2860 4515
2861 3802
2861 4693
2862 5100
2863 9553
2863 6443
2864 6545
2865 7803
2865 9023
2866 5059
2867 5682
2867 2997
2868 7974
2869 9152
2869 4152
2870 9701
2870 8687
2871 7672
2871 5724
2872 4059
2873 3453
2873 8015
2874 7714
2874 4138
2874 8573
2874 7822
2875 8469
2876 3520
2876 6317
2877 7264
2879 7865
2880 4876
2881 4216
2881 7155
2882 7985
2883 9121
2884 2910
2884 8438
2885 7723
2886 7024
2886 9706
2887 3738
2888 4397
2889 7952
2889 6956
2890 3047
2891 8211
2892 9073
2892 4565
2893 3853
2894 4800
2894 5332
2896 6159
2897 9760
2897 5331
2898 6715
2900 5392
2900 5208
2901 9467
2901 9045
2902 4728
2903 4335
2904 8373
2905 9433
2905 6435
2906 7272
2907 8975
2908 4142
2909 8848
2909 7005
2910 6404
2911 6101
2912 9402
2912 3196
2913 9788
2914 6142
2915 7346
2915 6749
2916 3899
2917 6269
2918 7098
2918 6403
2919 6309
2920 7520
2920 8429
2921 8289
2921 4154
2922 8872
2922 9669
2922 8903
2923 7826
2923 5197
2924 7764
2924 9933
2925 8355
2926 7253
2926 6062
2927 8950
2927 6495
2929 8415
2930 8360
2930 7999
2931 6102
2932 3560
2932 6310
2933 3354
2933 7059
2934 7954
2934 7439
2935 3789
2935 3743
2936 6420
2936 5622
2937 9594
2937 3534
2938 9743
2939 5757
2939 5383
2940 6413
2940 3989
2941 6368
2941 4498
2941 6685
2942 7448
2942 4906
2943 6441
2944 6979
2944 3533
2945 6495
2946 8601
2946 5767
2947 4105
2947 7403
2948 8930
2948 7999
2949 5554
2949 6460
2950 3793
2950 6686
2952 7171
2953 3074
2953 7727
2954 8834
2954 9994
2955 6616
2955 8487
2956 6400
2956 6942
2957 6799
2957 8545
2958 9277
2959 3898
2959 9502
2960 5456
2961 7856
2961 6200
2963 9827
2963 8837
2966 7811
2966 9436
2967 9154
2967 4767
2968 3577
2969 5365
2969 7007
2970 9453
2971 7802
2971 5004
2973 5639
2974 7875
2974 3717
2975 3040
2975 6690
2976 9977
2976 7183
2977 9139
2977 6380
2978 4608
2979 7824
2979 9334
2980 7773
2980 3550
2981 5459
2982 4232
2982 5332
2982 9872
2982 8510
2983 7150
2984 4948
2984 6535
2985 9538
2986 5101
2986 3910
2987 9879
2987 9751
2988 3688
2988 4027
2989 9419
2990 8256
2990 6359
2991 9452
2991 9598
2992 3599
2993 6352
2994 7648
2994 7866
2995 5066
2996 7239
2997 9599
2998 3882
2999 4443
3000 4337
3000 7523
3001 7891
3001 3468
3002 4056
3002 9909
3004 6135
3005 4757
3005 7959
3007 6317
3008 4053
3008 6197
3009 9293
3010 3991
3011 7179
3012 3652
3013 3537
3014 8203
3015 8320
3015 9721
3015 5705
3016 7368
3016 5670
3017 9178
3017 3924
3018 5969
3018 4299
3019 7649
3019 7226
3021 9865
3021 4341
3022 5243
3022 6231
3023 4609
3023 5492
3024 4961
3024 8086
3025 3254
3026 4818
3026 4093
3027 4371
3027 4755
3028 5507
3028 5351
3029 5586
3029 7942
3030 9352
3030 3550
3031 3899
3032 6345
3032 8052
3033 4009
3033 7567
3034 9695
3035 6022
3036 7066
3037 6266
3037 7151
3039 4212
3039 7438
3040 6643
3041 4380
3042 7137
3042 5010
3043 8545
3044 3338
3044 5885
3045 7941
3046 9562
3049 7117
3049 6471
3050 7016
3050 5951
3051 6001
3051 5203
3052 4282
3053 7757
3053 8237
3054 3453
3054 7613
3055 3945
3057 3058
3058 3117
3059 5478
3060 4953
3062 4543
3063 3809
3064 5313
3065 8893
3065 9415
3066 9351
3067 8044
3068 7608
3068 5775
3069 3937
3069 8268
3071 9932
3072 3774
3073 6970
3075 5298
3077 3506
3077 7820
3078 8858
3079 8450
3080 5512
3080 4060
3081 6065
3082 6941
3083 8028
3083 7599
3084 4654
3085 4715
3086 3809
3086 3906
3087 4770
3087 8051
3088 5852
3089 4078
3090 3787
3092 5328
3092 6733
3093 6496
3094 5339
3094 3263
3095 6419
3096 4698
3097 7610
3097 3933
3098 3300
3099 4930
3099 8876
3100 9840
3100 3458
3101 3323
3102 5201
3103 9481
3104 7552
3104 8210
3105 7113
3105 4245
3106 8128
3107 3440
3108 3542
3109 9168
3109 3896
3110 6257
3111 7481
3111 8414
3112 3456
3113 3690
3113 9571
3114 8090
3114 3860
3115 8854
3116 4793
3116 3362
3117 5650
3118 9640
3119 6944
3119 6903
3121 5443
3121 6812
3122 4073
3123 8664
3123 4050
3124 8393
3124 8369
3125 5944
3127 3584
3127 7331
3128 9057
3129 5042
3130 4518
3130 8790
3131 8154
3132 9417
3132 7396
3133 3939
3133 5102
3135 4437
3136 6081
3137 4137
3138 3658
3138 3711
3139 8692
3139 9486
3140 8693
3140 9894
3141 7197
3142 7289
3142 9772
3143 7915
3143 3979
3144 3262
3144 3207
3145 5432
3145 8700
3146 7805
3146 7437
3147 3421
3147 8639
3149 8499
3150 6106
3150 7299
3151 5386
3151 3244
3152 7162
3153 7366
3154 5476
3154 6559
3155 5360
3155 4867
3156 9640
3156 3532
3157 9427
3158 4112
3158 9102
3159 3828
3159 3663
3160 6929
3160 4374
3161 7673
3161 3587
3162 4740
3162 8156
3163 7594
3163 6276
3164 3271
3165 4784
3165 4630
3166 3433
3166 4247
3167 3767
3168 9590
3169 3781
3170 3792
3171 8201
3171 7709
3172 7288
3172 8908
3173 4014
3174 6129
3174 7369
3175 8520
3175 8802
3176 6475
3176 3302
3177 3689
3177 9886
3178 8939
3179 4269
3180 3824
3181 4936
3181 5333
3182 7762
3182 3525
3184 9667
3185 5881
3186 3675
3186 6214
3187 9538
3188 7642
3189 4577
3190 6971
3190 3428
3191 7546
3192 5133
3193 4969
3193 6334
3195 8199
3196 6530
3198 4129
3198 4141
3199 4185
3200 8936
3201 5106
3202 7681
3202 6867
3203 8184
3203 8617
3204 9409
3204 8410
3205 9260
3206 3621
3206 7550
3208 4258
3209 6814
3210 5273
3210 6894
3211 8614
3212 6847
3213 9061
3213 8351
3214 3397
3215 5950
3216 4177
3216 3498
3217 3918
3217 4206
3218 5393
3220 9675
3221 9564
3222 9425
3222 8182
3223 8353
3223 6046
3225 9907
3225 8388
3226 5377
3226 4452
3227 8873
3227 5042
3228 9840
3228 8202
3229 7313
3229 8012
3230 6177
3231 8249
3231 7545
3233 5016
3234 7323
3234 7269
3235 8547
3235 9087
3236 5333
3236 4271
3237 3593
3237 8481
3239 7560
3240 4838
3240 7534
3241 8649
3243 8242
3244 4325
3245 6458
3246 6858
3247 5176
3248 5648
3248 6574
3249 8745
3250 4445
3251 5867
3251 5108
3252 9214
3253 5054
3254 3466
3255 5078
3255 7855
3256 8905
3257 9272
3257 4088
3258 7731
3258 7555
3259 3364
3261 7408
3261 4586
3262 7708
3263 5651
3264 7874
3264 4823
3265 7501
3266 5853
3266 8439
3267 4600
3267 5530
3268 8907
3268 4781
3269 6044
3269 8823
3270 3609
3270 5051
3271 8559
3272 8947
3272 4709
3273 4456
3273 5434
3274 6369
3275 8558
3276 6635
3277 7684
3278 7040
3278 6813
3279 8962
3280 6796
3280 7911
3281 4220
3281 7133
3282 9449
3283 9920
3284 8456
3284 6705
3285 6065
3285 6113
3286 8479
3287 9012
3287 8045
3288 4636
3288 4215
3289 8906
3290 5537
3290 9308
3291 4344
3291 8373
3292 4472
3292 3781
3293 9197
3294 6865
3295 7229
3297 7089
3297 4047
3298 3808
3298 7047
3299 9783
3301 6203
3301 3491
3302 7695
3303 4329
3303 3318
3304 5184
3304 3403
3304 4747
3304 6908
3305 5683
3305 7374
3306 3319
3307 5985
3308 8880
3308 8863
3309 5454
3310 8597
3310 7406
3312 4881
3313 9790
3313 9670
3314 9965
3314 7653
3314 4445
3315 6363
3315 6357
3315 3438
3316 7840
3316 7596
3317 9739
3317 9479
3318 7831
3319 4749
3320 4643
3321 4536
3321 3949
3322 6950
3324 8384
3324 6258
3325 3477
3326 4357
3326 4213
3327 7488
3327 9207
3328 3920
3329 7593
3329 7935
3330 6423
3331 4098
3331 7636
3333 6802
3333 9284
3334 3367
3335 9468
3335 4725
3336 5882
3336 8283
3337 4284
3338 4399
3339 7562
3339 7695
3340 5329
3340 5902
3341 9513
3341 5939
3342 9432
3342 9709
3343 4427
3343 8783
3344 7900
3344 9406
3346 5606
3347 7363
3348 6761
3348 7620
3349 6295
3351 7211
3352 6681
3352 5026
3353 7200
3353 7431
3355 5771
3356 7160
3356 8859
3357 5021
3358 6386
3358 3892
3359 4396
3360 9292
3360 7303
3361 9930
3361 5996
3363 9145
3363 6147
3364 7062
3366 6661
3368 5053
3369 4344
3369 4495
3370 7616
3370 8147
3371 6793
3371 6659
3372 9091
3372 7654
3374 5425
3375 8344
3375 5640
3376 9066
3376 7935
3377 7313
3377 7831
3378 6152
3378 5594
3380 9155
3381 7930
3382 5441
3382 5298
3383 6368
3383 7178
3384 4644
3386 8498
3386 4557
3387 8939
3389 5282
3390 4183
3391 9332
3392 6168
3393 5733
3395 7912
3396 7429
3396 7423
3398 7211
3398 6214
3399 4244
3401 9709
3402 8804
3402 4853
3403 5184
3403 8525
3404 3821
3405 3504
3405 4733
3406 6290
3406 4630
3407 5935
3408 4746
3408 4862
3409 4012
3411 5360
3412 8964
3413 5801
3414 8899
3414 5804
3415 3936
3416 6391
3417 4506
3418 8819
3418 5252
3419 4120
3420 6385
3420 3788
3421 6182
3422 6210
3423 5326
3424 3528
3424 8278
3425 5533
3426 9895
3427 9710
3429 3787
3429 5932
3430 8328
3431 8376
3431 4730
3432 8297
3432 7538
3434 7937
3434 9967
3435 7736
3435 9516
3436 6827
3436 5629
3437 6994
3437 9542
3439 9672
3440 9722
3441 6008
3441 9860
3442 6579
3442 5876
3443 5009
3443 9308
3444 9241
3444 3681
3445 5921
3445 8082
3446 5228
3447 8528
3447 7952
3448 9209
3448 6499
3449 7275
3450 4261
3451 4306
3452 6446
3453 7613
3454 5252
3455 4799
3456 4920
3457 3819
3457 3870
3458 4313
3459 3641
3459 4550
3461 7232
3461 8274
3462 7435
3462 7294
3463 6321
3465 4355
3466 9143
3467 7127
3468 6687
3469 4032
3469 7195
3470 8792
3471 5914
3471 6486
3472 5086
3473 7378
3473 5914
3474 8025
3474 5756
3475 4826
3475 3891
3476 4981
3477 3616
3478 5827
3479 6506
3479 8855
3480 6467
3481 7747
3481 4798
3482 4024
3482 5909
3483 6634
3484 8640
3485 8530
3485 9959
3486 5218
3487 3923
3487 3564
3488 5187
3489 7174
3489 4535
3490 8976
3490 7304
3491 3665
3492 5922
3493 7963
3494 4689
3495 4208
3495 8383
3496 8836
3496 4247
3497 9077
3498 3695
3500 5098
3500 7754
3501 9547
3501 9587
3503 6095
3504 9871
3507 9124
3508 5847
3509 6633
3509 6554
3510 5544
3510 9788
3511 9400
3511 5797
3512 6852
3513 3756
3513 7455
3514 8120
3515 6879
3515 8954
3515 6052
3515 7871
3516 6764
3517 6624
3518 5308
3519 8182
3519 8471
3520 9282
3521 5505
3521 6060
3522 8838
3523 9764
3525 7456
3526 8625
3526 3527
3527 8215
3528 7014
3529 4738
3529 5510
3530 6537
3531 6638
3535 9712
3536 9961
3536 6019
3537 5708
3538 4567
3538 8263
3539 6484
3539 5270
3540 7932
3540 6390
3541 3714
3542 5747
3543 6219
3544 4331
3544 4927
3546 7029
3547 6350
3547 8135
3548 6000
3549 8321
3549 5041
3551 9461
3551 8839
3553 9896
3553 9966
3554 6067
3555 9953
3555 4118
3557 9713
3558 4850
3558 8218
3559 5335
3559 8383
3560 5277
3561 7493
3562 9912
3562 8549
3563 4861
3563 3878
3565 9466
3565 3695
3566 6465
3566 8789
3567 6308
3568 8655
3569 3730
3570 6895
3571 6575
3572 7735
3572 6887
3573 8254
3574 7221
3575 8488
3577 8049
3578 6810
3579 3932
3579 6279
3580 5156
3580 6148
3581 7026
3581 8066
3582 5174
3583 9921
3584 5231
3585 5311
3586 7874
3586 5446
3587 4571
3588 5047
3589 5060
3590 5659
3591 8014
3593 7419
3595 6344
3596 9899
3596 7647
3597 4934
3597 6727
3598 6526
3598 8471
3599 9027
3601 6949
3602 5486
3603 7713
3603 5875
3604 7986
3604 8364
3605 6520
3605 6987
3606 6888
3606 6449
3607 5074
3607 7303
3608 8671
3609 5602
3610 8994
3610 7870
3611 4901
3612 7778
3614 5361
3615 8356
3615 7893
3616 9165
3617 5842
3617 4709
3618 6585
3618 5765
3619 3940
3619 8302
3621 8409
3622 3678
3623 4410
3624 6907
3625 8951
3626 4287
3627 8097
3628 7232
3629 8378
3630 6653
3631 5656
3631 6975
3632 6146
3632 8078
3633 5327
3634 5752
3634 5353
3635 8115
3636 5704
3636 6577
3637 5172
3638 8461
3638 3758
3639 9936
3639 3837
3641 6406
3643 4409
3644 9528
3644 5199
3645 5522
3645 6986
3647 8838
3648 5201
3648 7601
3649 8443
3650 8555
3651 8986
3651 4843
3653 9266
3654 5107
3655 5019
3656 4946
3657 9251
3658 4929
3659 8539
3660 9152
3661 6812
3662 6688
3662 8821
3663 6750
3664 4802
3664 9475
3665 4952
3666 6968
3668 7993
3668 7682
3669 6939
3669 9643
3670 8507
3671 9620
3671 8119
3673 9033
3673 5662
3674 9287
3675 7670
3676 6009
3676 5891
3677 7471
3677 5839
3679 9618
3679 7567
3680 6625
3680 6364
3680 7693
3681 6444
3682 8634
3682 4558
3683 5810
3683 8255
3684 8709
3685 4312
3686 7294
3687 7090
3688 6459
3689 9380
3690 6128
3690 8503
3690 6303
3691 4925
3693 8032
3693 9738
3694 8624
3694 8851
3696 8177
3697 7464
3697 6665
3698 4594
3698 8506
3698 6775
3699 9770
3700 4686
3700 6079
3702 4088
3703 6515
3704 6795
3705 5145
3705 4492
3706 8647
3707 6905
3707 9085
3708 4201
3708 7220
3712 6562
3712 9374
3713 4022
3714 3953
3715 8333
3717 4568
3718 4216
3718 6741
3719 5897
3720 5143
3721 4171
3722 7498
3723 8581
3723 8630
3724 9291
3725 5221
3726 4154
3726 3965
3727 7366
3729 7513
3729 6169
3730 5383
3731 4660
3731 6671
3732 6977
3732 8643
3733 5706
3733 8482
3734 8760
3734 5970
3735 5168
3735 7138
3736 5532
3738 9309
3740 7153
3740 6542
3741 5451
3741 4127
3742 6802
3742 5599
3744 9235
3745 3836
3746 3849
3747 4625
3747 5002
3750 7399
3751 8569
3751 6268
3753 9779
3754 5948
3757 8784
3757 5703
3758 7484
3759 9818
3760 5310
3761 9460
3762 4649
3763 8361
3763 5828
3763 6190
3764 9337
3765 5018
3765 8059
3767 7929
3768 7863
3769 8493
3770 7939
3771 8962
3772 7833
3773 6408
3774 5337
3775 7748
3775 5071
3776 9126
3777 8771
3778 6453
3778 4711
3779 4644
3779 4918
3782 4960
3782 9925
3783 9366
3784 6816
3785 3992
3786 6074
3786 5543
3788 5300
3789 5944
3790 6462
3791 4995
3791 8124
3792 8206
3793 5673
3794 7063
3795 6610
3796 3889
3797 9807
3798 5548
3798 4772
3799 8698
3799 8901
3800 5070
3800 7446
3801 5094
3801 9750
3802 5165
3803 5344
3804 7328
3804 5326
3805 5121
3805 9797
3806 8131
3806 9388
3807 6440
3807 8542
3810 6081
3810 9046
3811 5537
3811 9732
3812 4682
3813 8190
3813 4622
3815 4809
3815 6122
3816 5301
3816 8853
3817 9461
3818 6288
3819 4102
3820 7384
3820 7413
3822 5595
3822 6252
3823 5645
3823 5695
3824 5793
3825 6754
3826 5329
3828 4898
3829 6236
3830 5170
3831 9664
3831 8451
3832 8280
3832 4484
3833 8818
3833 6990
3834 6957
3835 6109
3835 5255
3836 8399
3837 7237
3838 6189
3839 8716
3840 4111
3841 7260
3841 6566
3842 4807
3843 6482
3843 8028
3844 6683
3844 7093
3845 8104
3845 5166
3846 7704
3846 9813
3847 4884
3847 4933
3848 8636
3849 7995
3850 6664
3850 9106
3850 9584
3851 8512
3851 6498
3852 5400
3853 5291
3854 7578
3854 7907
3856 9327
3857 6649
3857 4166
3858 6769
3858 6582
3859 6008
3859 8998
3860 8446
3861 8494
3862 6757
3863 7255
3864 4322
3864 6301
3865 4308
3865 8846
3866 5081
3867 7379
3867 4252
3868 6056
3868 9506
3869 9486
3869 8063
3870 7996
3871 6072
3871 8435
3872 5686
3872 6678
3873 7884
3873 4087
3874 4446
3875 4361
3876 7587
3877 7584
3878 4237
3879 7124
3879 9311
3880 8240
3880 9395
3881 9314
3883 7018
3883 9069
3884 5304
3885 4248
3885 5695
3886 9980
3886 8286
3887 9160
3888 5154
3888 7219
3890 4592
3891 6606
3892 9634
3893 8432
3894 7815
3895 7034
3896 4458
3897 4262
3900 4120
3901 9040
3901 5499
3902 5350
3903 8179
3903 4029
3905 4804
3906 8313
3907 7532
3907 9719
3909 6640
3909 6358
3911 5689
3911 6554
3912 6825
3912 8478
3913 5075
3914 6531
3914 9964
3915 5771
3915 8349
3916 4165
3916 4997
3918 8356
3919 7012
3920 4869
3921 4306
3921 5315
3925 7566
3926 6550
3927 6180
3927 6911
3928 5559
3930 5704
3930 8914
3933 6675
3934 7818
3935 9798
3936 4667
3937 5845
3938 9116
3938 9398
3939 7529
3940 6009
3941 7880
3941 5525
3942 5441
3942 9751
3943 8571
3943 5843
3944 5955
3944 5831
3945 4295
3946 6257
3946 9733
3947 3997
3948 7774
3949 4184
3950 6336
3950 7216
3951 4628
3951 8901
3952 7071
3952 5247
3953 6070
3954 9368
3955 7884
3955 8623
3956 6227
3956 4043
3957 8821
3957 7319
3958 4496
3959 8752
3959 4583
3960 9335
3961 6378
3962 5408
3962 7428
3963 6348
3963 7871
3964 6890
3964 6982
3966 8910
3967 9654
3968 5616
3968 5465
3969 8696
3969 6054
3971 3977
3972 8040
3972 7913
3973 8084
3973 9701
3974 8107
3974 8740
3975 4497
3975 5390
3977 4449
3978 6898
3979 4983
3980 4575
3981 5328
3981 6418
3982 9931
3983 6010
3983 6589
3984 8984
3985 7751
3986 5612
3986 7455
3987 4124
3988 6477
3988 4919
3990 5011
3990 4638
3991 7848
3992 9902
3993 5719
3994 7690
3994 5764
3995 8537
3995 7675
3996 7865
3996 6867
3998 6305
3998 4535
3999 5210
3999 4125
4000 7843
4000 7549
4002 5888
4002 5572
4003 6694
4004 6736
4005 9012
4006 8561
4006 6986
4007 4649
4008 8168
4008 6266
4009 6442
4011 6581
4012 7989
4014 9641
4015 8340
4016 8307
4016 8238
4017 9806
4017 8183
4018 4658
4019 5033
4020 5557
4021 5295
4022 6957
4023 6872
4023 6630
4025 4812
4026 4427
4026 4071
4027 7632
4028 8883
4029 8973
4030 5867
4031 6960
4032 4642
4033 4099
4033 6119
4034 5320
4035 9188
4036 8424
4036 6557
4037 5144
4037 7780
4038 7376
4038 4387
4039 9412
4039 6422
4040 7625
4040 7060
4041 4263
4042 4564
4044 5496
4045 7274
4045 5037
4046 9243
4046 7709
4047 7521
4048 7136
4048 4466
4049 4661
4049 4975
4051 9490
4051 9998
4052 4900
4052 4734
4053 6233
4054 9293
4055 7583
4056 5061
4057 8864
4057 5181
4058 9608
4059 8579
4061 6054
4062 5473
4062 9670
4063 8239
4064 8178
4065 6621
4066 8875
4067 6115
4067 6788
4068 4704
4069 7826
4070 5338
4071 4657
4072 4339
4074 5139
4074 5132
4075 4417
4075 6127
4076 5932
4076 5518
4077 9889
4077 5887
4078 6778
4079 4092
4080 5519
4082 6119
4083 9228
4084 8626
4084 6875
4085 7729
4086 7121
4086 6635
4087 8473
4089 9314
4091 6396
4092 7390
4094 5502
4095 4912
4095 4908
4096 7940
4097 8470
4098 6264
4100 4882
4100 5482
4101 9307
4101 5660
4102 4148
4103 7045
4104 8002
4104 6060
4106 4156
4107 6736
4107 6868
4108 4432
4108 7104
4109 7575
4110 4410
4110 7659
4111 4730
4114 4861
4115 8146
4116 4970
4118 4545
4119 9188
4119 6462
4121 8824
4121 7043
4122 7371
4123 9955
4125 8753
4126 7042
4126 8071
4128 5217
4128 5759
4129 6499
4130 5082
4130 4181
4131 8081
4131 9113
4133 4572
4133 8175
4134 9035
4134 9739
4135 6203
4135 4989
4136 6606
4138 7822
4139 4489
4139 8405
4140 4834
4140 5375
4143 5930
4144 4283
4145 8128
4146 8885
4146 4606
4147 5019
4147 7572
4148 9804
4149 5053
4150 8569
4150 6033
4151 8690
4151 6307
4152 6883
4153 9235
4153 9347
4155 9277
4158 7019
4159 4568
4159 7958
4160 4721
4161 9549
4162 5938
4163 7063
4164 7388
4164 4551
4165 4364
4166 6978
4167 9015
4168 9660
4169 5121
4170 5262
4170 7679
4171 7603
4172 6497
4173 5235
4173 5781
4174 8991
4175 5602
4176 5683
4177 8440
4178 5451
4178 8246
4179 7621
4180 8055
4181 4931
4182 8397
4182 8926
4183 6975
4184 6731
4186 7391
4188 7889
4189 7364
4189 5436
4190 9905
4190 6382
4191 4881
4192 5999
4194 5742
4195 6134
4196 9377
4197 7955
4197 4766
4198 8289
4198 5946
4200 8291
4200 4782
4201 7629
4202 7973
4202 4615
4203 5601
4203 5551
4204 6128
4205 9115
4206 7400
4207 9546
4207 5898
4209 7309
4210 5362
4210 4695
4211 7298
4211 6743
4212 7223
4214 6691
4217 9296
4217 8948
4218 6602
4218 6908
4219 4370
4221 5622
4222 6937
4222 4844
4223 6889
4223 7247
4224 5992
4224 9349
4225 8265
4225 6429
4226 8117
4226 8255
4228 8607
4229 4561
4230 8464
4232 8262
4233 9755
4234 5440
4235 8987
4235 8790
4237 6263
4239 7947
4240 8835
4240 7927
4241 4720
4241 7834
4242 5128
4242 5266
4243 9204
4243 9117
4244 5369
4245 5592
4246 6969
4249 5824
4249 4350
4250 8460
4250 5942
4251 7809
4251 4564
4253 8585
4253 5035
4254 7718
4255 7658
4256 9611
4257 7973
4257 8270
4258 6401
4258 7982
4259 9003
4260 8476
4260 4926
4261 8626
4264 4846
4264 4951
4265 6304
4265 5957
4266 6883
4267 9713
4267 5574
4268 6536
4270 8014
4270 5175
4271 8085
4272 5556
4273 6914
4273 4635
4274 5294
4274 8583
4275 4477
4277 7648
4278 9647
4279 8816
4279 7897
4280 7288
4280 5593
4281 6452
4281 5391
4284 6698
4285 7308
4285 8303
4286 7223
4288 9346
4289 5526
4290 5448
4291 7225
4292 9288
4292 5778
4293 6663
4297 4706
4297 6791
4298 4628
4299 6094
4300 8411
4301 6984
4301 8990
4302 6529
4302 7807
4304 9209
4304 7906
4305 6758
4307 6965
4308 5678
4309 6706
4310 5411
4311 9828
4312 9484
4313 6828
4314 5800
4314 5089
4315 4352
4315 9619
4316 4878
4317 5255
4318 8777
4318 5371
4320 7429
4321 9385
4321 9185
4322 5869
4323 7154
4324 8205
4325 6320
4326 6115
4327 4420
4327 5700
4328 8219
4328 6766
4329 9708
4331 4653
4332 8069
4334 5976
4334 5716
4335 8320
4337 5630
4338 6551
4339 6287
4340 4556
4340 5127
4341 4570
4342 4894
4343 7949
4345 8433
4345 7501
4347 8480
4347 6729
4348 4435
4348 6923
4349 7169
4349 8859
4350 9000
4351 6817
4351 8514
4351 8476
4353 6946
4354 7537
4354 9935
4356 8429
4357 5417
4358 7926
4358 7423
4359 4435
4360 6242
4360 9855
4362 7944
4363 4847
4364 5194
4365 7072
4366 7607
4367 9723
4367 8699
4369 8264
4369 9535
4370 9208
4371 4491
4372 4536
4372 8879
4373 4879
4374 8148
4375 7544
4375 6398
4376 5943
4376 4847
4377 6370
4377 8692
4379 7770
4379 8389
4380 5374
4381 6449
4381 9103
4382 8119
4383 8352
4384 8440
4384 6877
4385 4480
4386 8123
4387 6834
4388 8841
4388 7589
4389 6183
4390 9037
4390 6262
4391 8222
4392 8596
4392 7149
4393 6730
4393 9767
4395 9715
4395 8012
4395 7711
4396 8553
4398 6863
4399 7609
4400 5939
4401 7126
4402 5120
4403 5359
4403 6567
4405 8092
4407 6080
4407 4557
4408 8104
4408 6884
4409 7415
4411 6897
4412 8654
4413 9704
4413 8548
4414 5025
4414 8518
4418 9269
4418 9343
4419 6114
4419 7869
4421 5233
4421 5605
4422 7196
4423 8241
4425 5032
4425 4528
4426 7753
4426 7387
4428 5832
4428 9609
4429 4883
4429 8895
4430 9508
4431 9740
4431 9343
4433 4699
4433 8583
4434 9111
4436 4664
4436 6674
4437 4813
4438 8546
4439 8114
4439 8046
4440 9418
4440 6036
4441 5195
4442 9624
4443 4916
4444 4714
4446 5804
4447 4648
4448 6488
4450 7508
4450 8791
4451 6688
4451 4779
4452 9824
4453 8043
4453 9332
4454 7787
4454 8461
4455 7769
4455 8325
4457 7703
4458 6365
4461 6428
4461 7509
4463 9408
4463 9717
4464 9616
4464 4856
4465 8918
4465 6175
4467 9357
4467 9263
4468 9610
4468 8831
4469 7253
4469 4959
4470 7504
4471 7995
4473 8111
4473 9975
4474 8022
4475 8126
4476 9424
4476 4481
4477 5816
4478 4750
4479 6800
4479 5921
4479 8535
4479 9447
4481 9378
4482 7237
4483 8679
4484 8273
4485 6849
4486 9661
4487 9650
4487 7815
4489 9908
4490 8249
4491 7488
4491 6129
4491 6438
4492 8718
4493 7440
4493 5005
4494 5954
4494 5014
4495 9088
4497 5157
4498 6668
4499 6035
4499 6452
4500 5984
4500 7316
4501 8536
4502 7424
4503 5475
4504 8121
4504 7410
4506 4716
4507 5576
4508 6334
4509 7717
4510 6880
4510 6313
4510 6248
4511 7329
4512 9468
4513 9848
4513 6820
4514 7325
4514 7934
4515 9901
4516 5200
4516 6260
4517 5112
4518 8047
4519 6324
4520 7132
4521 9373
4522 8541
4523 7674
4525 9661
4525 8174
4526 9099
4527 7497
4527 5566
4528 7646
4529 9923
4529 9469
4530 9578
4532 5861
4533 5230
4533 7246
4534 5251
4537 8465
4537 5471
4539 6977
4539 5109
4540 9336
4540 5470
4541 7623
4542 4613
4542 6293
4543 9215
4544 7112
4544 5727
4545 7022
4546 9586
4546 9514
4547 5149
4547 8999
4548 8646
4549 6947
4549 6935
4551 6340
4552 9892
4552 5438
4553 5773
4554 6223
4555 6532
4555 5839
4558 9562
4559 8502
4560 8544
4560 9114
4561 6853
4562 9359
4567 6467
4569 8769
4569 9849
4570 9944
4572 7740
4573 9225
4573 8484
4574 9096
4574 5134
4576 7233
4576 7414
4577 9928
4578 8332
4578 8452
4579 8767
4580 5656
4581 5084
4582 8283
4583 9242
4584 6612
4586 9591
4587 5145
4587 9237
4588 6859
4589 9787
4589 4998
4590 6985
4590 4895
4591 9050
4591 8006
4593 4610
4594 5626
4595 9934
4596 6852
4597 7947
4597 5798
4598 6456
4598 5828
4599 5633
4600 8421
4601 5274
4602 5483
4602 9645
4603 9355
4603 8726
4604 8777
4604 9187
4605 6781
4606 6781
4607 6784
4608 9041
4609 7504
4610 8047
4611 9176
4611 7660
4612 5134
4612 9319
4615 8650
4616 5846
4617 6396
4617 7574
4618 7134
4618 5038
4619 8764
4621 8828
4621 9213
4622 4654
4623 9723
4624 5737
4625 6902
4626 9043
4627 4737
4627 5126
4629 7016
4629 9460
4632 7559
4632 8487
4633 4713
4634 7996
4636 4859
4637 6935
4637 4999
4638 6269
4639 9321
4639 5654
4640 5728
4641 7124
4645 9648
4645 9359
4647 4866
4647 9893
4650 9305
4650 5514
4650 9309
4650 4758
4651 8977
4651 9703
4653 8794
4655 8971
4656 5709
4659 7198
4659 4703
4661 9994
4662 5865
4662 5029
4663 9418
4665 7176
4665 7795
4666 8319
4667 5601
4668 7512
4669 7689
4669 9334
4670 5434
4670 8814
4671 8026
4671 7355
4672 6414
4673 4755
4675 6466
4675 4771
4676 8186
4676 9747
4677 8370
4677 8759
4678 8763
4678 6311
4679 9097
4680 6255
4681 7752
4681 5225
4683 9432
4683 7635
4684 9166
4685 9768
4685 7943
4686 6956
4687 7265
4687 5915
4688 8316
4689 5711
4690 6284
4690 7438
4691 7873
4691 7471
4692 5776
4692 5610
4693 9544
4694 8260
4695 5124
4697 8987
4698 9572
4699 4913
4700 4978
4700 8358
4701 4967
4702 6201
4702 5882
4703 7031
4704 5703
4706 8712
4707 6083
4707 5910
4708 9952
4710 6104
4710 8727
4711 7909
4712 5903
4713 6998
4715 6661
4716 8350
4717 5097
4717 7210
4718 7664
4722 9736
4724 7424
4726 5682
4727 9544
4729 5246
4732 8474
4732 7812
4736 6260
4737 7841
4738 9029
4739 5080
4739 7420
4741 7976
4741 5890
4742 9552
4742 5397
4743 9441
4743 9971
4745 9058
4745 6599
4746 6785
4748 8122
4749 6425
4750 6072
4751 6498
4751 8308
4752 8943
4754 6316
4756 7385
4756 6797
4759 7104
4759 8722
4760 6864
4760 7395
4761 8140
4762 5926
4763 8974
4763 8919
4764 9248
4764 6568
4767 7688
4768 7732
4770 5193
4771 8127
4772 7716
4773 6005
4774 8575
4776 4938
4776 6477
4777 7707
4777 9508
4778 6819
4779 8494
4780 6722
4783 5096
4785 9953
4785 9427
4786 8681
4786 5170
4787 9315
4788 7761
4788 6275
4789 6631
4790 5280
4790 8691
4792 8143
4794 6271
4795 8708
4795 7189
4796 6833
4796 8293
4797 5646
4799 6407
4800 7365
4801 5555
4801 5868
4802 8997
4805 6442
4806 8139
4807 5605
4808 5481
4810 6194
4810 9539
4811 9136
4812 9396
4813 5394
4814 9354
4814 7883
4816 7444
4817 5813
4818 7174
4819 6586
4819 9717
4820 6489
4820 5655
4821 9395
4823 6018
4824 9439
4825 5462
4827 8904
4827 7520
4828 8941
4828 7495
4829 5196
4829 6663
4830 6627
4831 5268
4831 8199
4832 5755
4833 6945
4834 7432
4835 6760
4836 6703
4837 9186
4838 7112
4839 5767
4840 7312
4840 7401
4841 9482
4842 8073
4842 9583
4843 9072
4845 8412
4846 6588
4849 6513
4849 8422
4850 7693
4851 5954
4851 7950
4854 5452
4854 8758
4855 7898
4858 6242
4860 9888
4860 9908
4863 6697
4864 5915
4865 5410
4866 9659
4867 6076
4868 9730
4869 7789
4870 9742
4870 7743
4871 8719
4872 9028
4872 7351
4873 7357
4874 7507
4875 5278
4876 9617
4877 5816
4877 6318
4878 5949
4879 8757
4880 4905
4882 7924
4883 5854
4885 5953
4886 8921
4886 9877
4888 8633
4889 7670
4891 8917
4892 6301
4893 9156
4894 9130
4896 6745
4897 6719
4899 9217
4900 7556
4901 9409
4902 9603
4903 6476
4904 6656
4905 5770
4908 6897
4909 5985
4911 8657
4911 9263
4912 6849
4914 8045
4915 5940
4915 6518
4916 7964
4917 6701
4917 7038
4919 8105
4920 6159
4921 5481
4922 9737
4922 7469
4923 5407
4924 6249
4924 9051
4927 6151
4928 8596
4928 8900
4931 8091
4932 7943
4934 7432
4936 6083
4939 7301
4941 6721
4943 7268
4944 6950
4945 7577
4945 8077
4946 5135
4947 8401
4947 5587
4949 5593
4950 8059
4952 7696
4953 7110
4954 6165
4955 7785
4956 9521
4957 5905
4957 7082
4958 5472
4958 8593
4960 6874
4961 5261
4962 5723
4962 7779
4963 6552
4963 9543
4964 6546
4966 7461
4966 9526
4967 8565
4969 7729
4970 6905
4971 9365
4972 8840
4972 5305
4973 8067
4974 6912
4974 9519
4975 5419
4976 6228
4978 9938
4979 9978
4979 8447
4980 6557
4980 5206
4981 7001
4982 5858
4982 6450
4984 9124
4984 5380
4985 6173
4986 6059
4986 9614
4989 6155
4990 6366
4991 6609
4992 8285
4993 5433
4994 6973
4994 7783
4995 9631
4996 6972
4996 9799
4998 7030
4999 6822
5001 6723
5002 9578
5003 6639
5004 9550
5006 6147
5006 7606
5008 6562
5008 7190
5010 6360
5012 9256
5012 8619
5013 9182
5013 7719
5017 8928
5017 9247
5018 6898
5022 6077
5023 7448
5023 8140
5024 8993
5025 8909
5026 5167
5027 8299
5028 5664
5028 8598
5030 8196
5031 5046
5032 6792
5033 5528
5034 5384
5034 6567
5035 7883
5036 6844
5037 8473
5040 8883
5041 8725
5043 9962
5043 5180
5044 5665
5044 9554
5045 9983
5046 6464
5047 8181
5048 6521
5048 5099
5049 6786
5049 7879
5050 6030
5051 8896
5052 5549
5052 6414
5054 8409
5055 8131
5056 9593
5057 6023
5058 6760
5058 8179
5058 8336
5059 6538
5060 7329
5062 7837
5063 5304
5063 6524
5064 7453
5064 7191
5067 9945
5067 9319
5068 7477
5068 5934
5069 5506
5071 8991
5072 8733
5074 6868
5075 5552
5076 9939
5077 7804
5080 6728
5081 9926
5082 9307
5083 5361
5084 8940
5085 5356
5087 8336
5087 6143
5088 6912
5088 7079
5089 6590
5090 5604
5090 6527
5091 9213
5091 7182
5092 7725
5093 5578
5093 5995
5094 5354
5095 9169
5095 6105
5097 9523
5098 8572
5099 5643
5100 5237
5102 8715
5103 6931
5103 6013
5104 8762
5104 8374
5105 8490
5105 9446
5106 8737
5108 5877
5109 9378
5110 5405
5111 8448
5111 6713
5112 7116
5113 6857
5113 9038
5114 7052
5115 8271
5116 6522
5117 9974
5118 9238
5119 7085
5120 7283
5122 8386
5123 5805
5125 9500
5128 7809
5129 7859
5129 6836
5130 8450
5130 5547
5131 5168
5132 6104
5136 6829
5137 9266
5137 6988
5138 5474
5139 7760
5140 9614
5141 7897
5142 9689
5142 7759
5143 6431
5147 6612
5148 8868
5148 6166
5149 7772
5150 5821
5150 6367
5152 9798
5153 7100
5153 8117
5154 8780
5155 8745
5155 7724
5157 9059
5158 7561
5159 9634
5159 7659
5161 9080
5162 6036
5163 8227
5163 6439
5164 7183
5166 9429
5169 8686
5171 9766
5171 8526
5172 9786
5173 6161
5173 6572
5174 9808
5176 9029
5177 7888
5177 8611
5178 8457
5179 6599
5180 6632
5181 5495
5183 6386
5184 9290
5185 5640
5185 7696
5186 7773
5187 6860
5188 5253
5188 6503
5189 8888
5189 8041
5190 8869
5191 9265
5192 9869
5192 9086
5193 9785
5195 6785
5197 5945
5198 7858
5198 8911
5200 8969
5202 6756
5202 5542
5204 9036
5205 9189
5205 7405
5207 9416
5209 8410
5209 6818
5210 7108
5211 6915
5212 9573
5213 7478
5214 6626
5215 9909
5216 9125
5217 5281
5218 8029
5219 9323
5220 8280
5222 6108
5222 7766
5225 5860
5227 7787
5227 6716
5230 5755
5231 6277
5232 7666
5232 7524
5233 7633
5234 7304
5234 8330
5235 8861
5237 9927
5238 7992
5239 9799
5240 6433
5240 6575
5241 5896
5242 5290
5243 9728
5245 5647
5248 6253
5249 6330
5250 6995
5251 7694
5253 6770
5254 9434
5254 5381
5256 9600
5257 9458
5257 5955
5259 6964
5259 8695
5260 6432
5260 5467
5261 6289
5263 7425
5263 9645
5264 8827
5265 9168
5265 7307
5268 5846
5269 8118
5270 6787
5271 5709
5271 6870
5272 9510
5275 8618
5275 9245
5276 7630
5278 6796
5279 9546
5280 5987
5281 5784
5282 6485
5283 8534
5284 8202
5285 9674
5286 7217
5286 8046
5287 7542
5288 7356
5288 7269
5290 9094
5291 7160
5292 9159
5293 7254
5293 7694
5294 8462
5295 9653
5296 9568
5296 9733
5297 6059
5299 8584
5299 6544
5302 9841
5302 9090
5303 8085
5305 8101
5306 7917
5307 8170
5308 5575
5309 8166
5310 9200
5311 6948
5312 7117
5313 8517
5314 7784
5315 9297
5317 7467
5318 9545
5321 8813
5321 5510
5323 6095
5324 8796
5327 9487
5330 9470
5330 7350
5332 9872
5334 8254
5336 8353
5337 7680
5339 9191
5340 7845
5341 5731
5342 7209
5342 9758
5343 8474
5344 9794
5346 7771
5347 8715
5348 6985
5350 7505
5352 8099
5353 9118
5354 6107
5355 8817
5355 5623
5357 5426
5357 6782
5358 5423
5359 9216
5363 9793
5364 9851
5364 9220
5366 7744
5367 7083
5367 8668
5369 7337
5370 8974
5371 6316
5372 5746
5372 9702
5373 9146
5374 6808
5375 9656
5377 7692
5378 5457
5379 6792
5382 5877
5385 9043
5390 9306
5391 7296
5392 8149
5394 8153
5395 7863
5395 7839
5396 6073
5396 8150
5397 5762
5398 6632
5398 9617
5399 7437
5400 8237
5401 9724
5402 6031
5403 7735
5404 8156
5405 7077
5406 8529
5406 6803
5407 6620
5408 6381
5409 8417
5409 9534
5410 9172
5412 8288
5412 7725
5413 9880
5414 5679
5415 6202
5415 5956
5416 7979
5418 7671
5420 6360
5420 8510
5421 8793
5422 7899
5422 8053
5423 8329
5424 6254
5424 6983
5425 6874
5427 5548
5428 8331
5430 5779
5431 7761
5432 8340
5435 7251
5435 9381
5436 7027
5438 7686
5440 9878
5442 8024
5443 5912
5444 7563
5446 8616
5447 8037
5450 5722
5453 7994
5455 7543
5457 7541
5458 9950
5459 7238
5460 7449
5460 7570
5461 5642
5461 5530
5462 7505
5463 9178
5464 5641
5464 7197
5465 7011
5466 8661
5467 9052
5468 6839
5469 5796
5469 7502
5470 9545
5471 9382
5473 8752
5477 8472
5477 8710
5479 8013
5479 5878
5482 8884
5483 6259
5484 8505
5485 8728
5486 8035
5487 5654
5488 9936
5488 8039
5489 7381
5491 7270
5491 8550
5494 9020
5494 5870
5495 7706
5496 9212
5498 7757
5499 9302
5500 6399
5501 8718
5503 6353
5503 7993
5504 7522
5507 6041
5508 7177
5509 8203
5512 8286
5513 5982
5514 8723
5515 6426
5515 6517
5516 6809
5517 7013
5518 5586
5520 8616
5523 8805
5523 6943
5524 5833
5524 8437
5529 6483
5531 9985
5532 8544
5534 7433
5534 5541
5535 8531
5536 7990
5538 9705
5539 8379
5539 7037
5540 7179
5541 8194
5543 5724
5545 8922
5545 8164
5546 7637
5546 8230
5547 8217
5549 6335
5550 6561
5550 7156
5551 8773
5552 8748
5553 9513
5553 7059
5554 6560
5555 5857
5556 7877
5557 8320
5560 7763
5561 7852
5561 9734
5562 8866
5562 6291
5563 9649
5563 7722
5564 5983
5565 7256
5565 9364
5566 8615
5567 8613
5567 7199
5568 9890
5569 8627
5569 7398
5571 7629
5572 6596
5573 9172
5573 7902
5575 7356
5576 9401
5577 8729
5578 8830
5579 5945
5579 8215
5580 8957
5580 6678
5581 6326
5582 7344
5584 9413
5585 8961
5587 8978
5588 9934
5589 8801
5589 9882
5590 6158
5595 6492
5596 7782
5597 6176
5598 6622
5599 6806
5600 6292
5603 9104
5604 9103
5607 6276
5607 7015
5608 7913
5608 7754
5612 8483
5613 7835
5613 8734
5614 8097
5614 6927
5615 9488
5616 9320
5617 6759
5618 7636
5618 8564
5619 8406
5620 6450
5621 8644
5624 8423
5625 7817
5626 9729
5627 7817
5631 6982
5632 6347
5632 8612
5634 7086
5635 9328
5635 8815
5636 5803
5637 5777
5638 9239
5639 9630
5641 9680
5642 6842
5643 9315
5644 6856
5644 7382
5645 8749
5647 7300
5650 8500
5651 9677
5652 6851
5652 7854
5657 5819
5658 8168
5658 8068
5659 6472
5661 7133
5661 8663
5662 9915
5665 7775
5666 9483
5667 8389
5668 7872
5669 6217
5670 9216
5671 6920
5671 7899
5672 7859
5672 7100
5673 5899
5674 6853
5675 5856
5676 8961
5676 5733
5677 6747
5677 7981
5678 8982
5680 9421
5681 8092
5684 6161
5685 6383
5686 6087
5687 6032
5687 9684
5688 7949
5690 8980
5691 6345
5691 5884
5692 8730
5692 8236
5693 5763
5693 5879
5694 6451
5697 7130
5701 7261
5702 9141
5702 6958
5705 8320
5705 7148
5706 5768
5707 6385
5707 5717
5708 7861
5710 5962
5713 8739
5713 6644
5714 8399
5715 8890
5717 9677
5718 9264
5719 5997
5720 8672
5720 6779
5722 7599
5725 9482
5726 8403
5727 8115
5728 7759
5729 8351
5730 7777
5731 7421
5732 9881
5732 7500
5734 6016
5734 6768
5735 6198
5736 9123
5738 6976
5738 7135
5740 9654
5743 5879
5744 9169
5747 7074
5748 7707
5748 6687
5749 9072
5749 6332
5750 6840
5750 9555
5752 6131
5753 6233
5753 8822
5754 9964
5757 5834
5757 6659
5758 8605
5759 9566
5760 6786
5760 6735
5761 7705
5761 9210
5762 7655
5764 9147
5766 9810
5766 9844
5770 8629
5772 6667
5774 9394
5775 6895
5776 6772
5777 7808
5778 8185
5779 6722
5782 9024
5783 7745
5785 9638
5786 6440
5786 6753
5787 6553
5787 7427
5788 5893
5789 8833
5790 8652
5791 9300
5792 6522
5793 8665
5795 7866
5796 7751
5797 9584
5798 5833
5800 6481
5801 5885
5802 6926
5805 9770
5806 6099
5806 8635
5807 9295
5808 9593
5809 8642
5810 6084
5811 6738
5811 6372
5812 9711
5814 8988
5814 8455
5815 7522
5815 7446
5817 7161
5819 9119
5820 6974
5822 5823
5823 8020
5824 6949
5827 5886
5829 9262
5830 9824
5830 6148
5832 9702
5834 7436
5835 8499
5836 6680
5836 7231
5837 7105
5838 7204
5841 6550
5841 9054
5842 8431
5843 7939
5844 7906
5845 6064
5848 7858
5848 6107
5849 8968
5849 5963
5850 8775
5851 8252
5851 5940
5852 7081
5853 8307
5854 8438
5857 6695
5858 8234
5859 7218
5859 8783
5860 6660
5861 8105
5862 9605
5863 8562
5864 8338
5865 6015
5866 9361
5866 6854
5868 8313
5869 8275
5871 6137
5871 7074
5872 5904
5873 9697
5874 9576
5874 8326
5876 8370
5880 7669
5881 8207
5883 8667
5884 7661
5886 6832
5887 8710
5892 8847
5894 6741
5895 6289
5896 7977
5897 6525
5898 6192
5900 9253
5901 7008
5901 6876
5903 6026
5904 6185
5905 8233
5906 9973
5906 8021
5907 9922
5907 9183
5908 7843
5908 9999
5910 7586
5912 9082
5913 8773
5916 9121
5916 7621
5917 6184
5918 6904
5919 8322
5920 5992
5921 6105
5921 8535
5922 7848
5923 8011
5924 7788
5924 8390
5925 6666
5925 8093
5926 6348
5926 9311
5927 6193
5928 8771
5929 6564
5929 9062
5930 8259
5933 8197
5934 7547
5935 6091
5936 8498
5936 9947
5937 7979
5937 9063
5938 9984
5941 8089
5942 6350
5946 8106
5947 9065
5948 7049
5949 6014
5952 8761
5959 9075
5961 8260
5962 6437
5963 7087
5964 9601
5965 7320
5966 6556
5966 7372
5970 6039
5971 6931
5971 7557
5972 6834
5972 9782
5973 7633
5974 8517
5975 9067
5977 6372
5977 8413
5978 8819
5978 6891
5979 7330
5980 7146
5980 9869
5981 7532
5982 9765
5984 7397
5986 8336
5986 9362
5988 6031
5989 6809
5990 9698
5993 6657
5994 7417
5994 8641
5995 7073
5996 9853
5999 8874
6003 9171
6004 6925
6004 7823
6006 9499
6007 7226
6007 7990
6010 9601
6012 6806
6013 9254
6016 7746
6017 8147
6018 9606
6019 6100
6020 7453
6024 8235
6028 9400
6029 8298
6029 6980
6032 6479
6034 7500
6034 7630
6035 9903
6037 9993
6037 7278
6038 7478
6039 6280
6040 7252
6041 7445
6042 7152
6043 9069
6043 7150
6045 6378
6045 9683
6047 6174
6048 7839
6049 8929
6049 9854
6050 7619
6050 8148
6051 8317
6053 8264
6055 8491
6055 7484
6057 7165
6058 8481
6062 7075
6064 8394
6066 6794
6067 8008
6068 7417
6069 9082
6069 9962
6071 7905
6071 9575
6073 7256
6075 8445
6075 7983
6077 7141
6078 9648
6078 6777
6080 6378
6080 9230
6082 9708
6084 6390
6085 9132
6086 7014
6087 9942
6088 8884
6089 9426
6089 6196
6091 6916
6092 9596
6093 7955
6094 7041
6096 7065
6096 9471
6097 8611
6098 8993
6098 8918
6099 8609
6101 8257
6103 8080
6108 9857
6109 6580
6110 8730
6111 7017
6112 6507
6113 9021
6114 7199
6116 9809
6116 6940
6117 8259
6117 9575
6118 6486
6118 9198
6120 6199
6122 8896
6123 9929
6123 9278
6124 7794
6124 6597
6125 9571
6126 8330
6126 7483
6127 8933
6128 9811
6128 8503
6129 6438
6130 6553
6134 7985
6135 8454
6136 9625
6137 6615
6140 9569
6141 8292
6142 7901
6143 8810
6144 7273
6145 7824
6145 7212
6146 8634
6149 6568
6149 6622
6150 8341
6151 9977
6153 7956
6154 7962
6156 7918
6157 9140
6163 7244
6163 7047
6164 7188
6164 7111
6167 6892
6167 9447
6171 7878
6171 9975
6172 9573
6173 7248
6174 7540
6175 8309
6177 7242
6178 9529
6180 8807
6181 9294
6182 6466
6184 7988
6185 9051
6187 9920
6190 9174
6191 6771
6194 7149
6195 7472
6195 6563
6196 7102
6199 7327
6200 9719
6201 8647
6202 9330
6204 8850
6205 9443
6205 9454
6206 8845
6207 7645
6208 7141
6209 7691
6211 8956
6211 9941
6212 8369
6212 6611
6213 7554
6216 7138
6217 9883
6218 7951
6220 7399
6221 7962
6221 7877
6222 9401
6224 6539
6224 6366
6225 9424
6225 8899
6226 7140
6229 9558
6229 8303
6230 7113
6230 6356
6231 8839
6234 8893
6235 6314
6235 7765
6237 7882
6237 7242
6239 9796
6240 9657
6240 9067
6241 9450
6241 7763
6243 8378
6243 6271
6244 9848
6244 8781
6245 9095
6246 8615
6247 8183
6248 7721
6248 9718
6248 6313
6249 7402
6250 7458
6251 9631
6252 9417
6253 6680
6254 8954
6255 8670
6258 8457
6261 7579
6261 7551
6262 6676
6263 9199
6265 7264
6267 8472
6268 7147
6268 8204
6270 9893
6272 7537
6272 7028
6273 9089
6273 7678
6274 6928
6274 8729
6275 6398
6278 9843
6279 6282
6280 8795
6281 7916
6282 9007
6283 6333
6285 8248
6285 6934
6286 7307
6290 9678
6291 7363
6293 7083
6294 8365
6296 6814
6296 8535
6298 6589
6299 9515
6299 8903
6300 6627
6304 9374
6305 8770
6307 8172
6310 8193
6311 6939
6312 9428
6313 8372
6314 7983
6315 9112
6315 9404
6318 9995
6319 8304
6319 7717
6320 7557
6322 8898
6322 6763
6324 9917
6325 9658
6325 8995
6327 7611
6327 6515
6328 8281
6328 9989
6329 8209
6329 9279
6331 7333
6337 9105
6337 8298
6338 9327
6339 7262
6339 6870
6341 9398
6342 6516
6342 7886
6346 9778
6347 8720
6348 6712
6348 9311
6352 7031
6354 6397
6355 8817
6355 6357
6357 8343
6358 9231
6359 9957
6361 8809
6361 7564
6363 9958
6364 7593
6364 7553
6364 6625
6367 9096
6368 7914
6369 8786
6370 6994
6373 7266
6374 6720
6375 9356
6376 7692
6379 7937
6380 8004
6381 9621
6382 7789
6388 9744
6388 7605
6389 6438
6391 6765
6393 9931
6393 9191
6394 9681
6394 7465
6395 8187
6397 9260
6401 8208
6401 9442
6402 6744
6402 8346
6405 9004
6407 9738
6408 7340
6409 9133
6409 6711
6410 8688
6411 8595
6411 8519
6412 8375
6415 9080
6416 8769
6416 7539
6416 9676
6418 8395
6419 7009
6421 6673
6421 9404
6423 7265
6424 8664
6424 9985
6425 8242
6426 9800
6427 9918
6427 9015
6428 8076
6429 6751
6430 8792
6430 9996
6431 6570
6432 9384
6433 8938
6434 9960
6434 9644
6435 7021
6436 9504
6436 9102
6437 8360
6438 9659
6444 8576
6445 8348
6445 7797
6446 7358
6447 9744
6451 7290
6453 8475
6454 9253
6455 7217
6455 6470
6456 9032
6457 9086
6459 6971
6461 6816
6464 8697
6465 7958
6469 8894
6472 8937
6473 7737
6473 8719
6474 8984
6476 7991
6478 8842
6478 7444
6479 8134
6480 7536
6483 8600
6485 8250
6487 6591
6488 6748
6490 8555
6491 7099
6491 9821
6493 7249
6494 9386
6494 9955
6496 9022
6497 7914
6500 7091
6501 8243
6502 7600
6503 9272
6504 9456
6504 9540
6505 7355
6507 9320
6508 9329
6508 8557
6509 8083
6510 7928
6511 9924
6511 7580
6512 9926
6512 7302
6513 7271
6514 9745
6514 7263
6516 9280
6519 8515
6519 7343
6521 9084
6524 9415
6525 8672
6526 7386
6527 9101
6528 6686
6529 7639
6530 6993
6533 7377
6534 7097
6534 9850
6536 9870
6537 6670
6538 9814
6539 9813
6540 8739
6540 7679
6541 6716
6543 9514
6543 8074
6544 9757
6548 9246
6548 8687
6549 6604
6549 8167
6552 7730
6554 8133
6555 9275
6556 6615
6558 7845
6559 9988
6560 6702
6561 8136
6563 8072
6564 7893
6565 9552
6566 7373
6569 8743
6570 8690
6572 8688
6574 6926
6576 9970
6576 9630
6578 9075
6579 7667
6582 9255
6583 9801
6584 9122
6585 9760
6587 9791
6592 8537
6593 6601
6595 9787
6595 7351
6597 9681
6601 8071
6602 8005
6603 6945
6603 7186
6604 7106
6604 7534
6605 7033
6607 7208
6608 8503
6609 9563
6613 9088
6614 9700
6616 9403
6617 7434
6621 9687
6624 9627
6625 8113
6625 9669
6626 8681
6628 7473
6628 7371
6629 9298
6629 7187
6630 9666
6631 8095
6636 7230
6637 6691
6637 8959
6638 8297
6639 8065
6640 9652
6641 8376
6641 7576
6642 9426
6642 6893
6643 7106
6645 9407
6646 9000
6648 7050
6650 7940
6651 8972
6651 6991
6652 9651
6655 8636
6655 6718
6656 8662
6658 7565
6658 8079
6660 7936
6662 7317
6664 9380
6666 6710
6668 8394
6669 8573
6673 8795
6674 9795
6675 8513
6679 6989
6682 7841
6684 8778
6684 9045
6689 8466
6689 9196
6690 7025
6692 8985
6695 8037
6696 7481
6697 8589
6699 7215
6701 8002
6702 8027
6703 6891
6704 9950
6705 8053
6707 8122
6707 7615
6708 6762
6708 8247
6709 8556
6710 7024
6711 8847
6712 7678
6714 7545
6714 7602
6715 7936
6717 8109
6717 9918
6720 7466
6721 8750
6724 8491
6725 8531
6727 7844
6728 9001
6729 7792
6730 9285
6731 7202
6732 7892
6733 8649
6734 7161
6738 8705
6739 7306
6744 9261
6746 7470
6750 7938
6752 6859
6753 9249
6755 9220
6756 7236
6757 8503
6761 8200
6765 9697
6766 6822
6767 8194
6767 8694
6771 8054
6773 9761
6773 8079
6774 7188
6775 7228
6776 8488
6776 6811
6777 9389
6779 9054
6783 8815
6783 9079
6784 7181
6788 7345
6789 8431
6789 9495
6790 8793
6794 6799
6797 9763
6799 8545
6801 9806
6804 8245
6805 7677
6807 8695
6813 9144
6815 7747
6819 8109
6820 8231
6821 9774
6821 8878
6824 9811
6824 7379
6825 9996
6826 7464
6826 7293
6828 8925
6831 7000
6831 9604
6832 9205
6835 9699
6837 7574
6837 7463
6838 7927
6839 9572
6840 9737
6844 9605
6846 7300
6846 9639
6851 7554
6854 9775
6855 8248
6855 9831
6856 6942
6860 7758
6861 7457
6861 8362
6862 9070
6865 9353
6866 9342
6869 9439
6871 7519
6872 7790
6873 9757
6876 9832
6877 7857
6878 7069
6879 8954
6879 9462
6879 8958
6880 7777
6881 8683
6881 8486
6882 8300
6884 7657
6885 7744
6885 7023
6888 9836
6889 9664
6890 9011
6893 7108
6894 8058
6899 7323
6900 8723
6901 9917
6903 9302
6904 8800
6909 9843
6909 8355
6910 7907
6911 9567
6913 6962
6914 7668
6915 9781
6916 9830
6917 8010
6918 7499
6919 7411
6921 7517
6922 8886
6923 7144
6924 9503
6925 8110
6930 7046
6932 7362
6933 8328
6933 8111
6940 7506
6941 8468
6944 7391
6946 7618
6947 8941
6952 9567
6953 9967
6953 8463
6954 7628
6955 9589
6959 8244
6960 9691
6961 9885
6961 8735
6963 8523
6964 8154
6966 9526
6967 7056
6967 9339
6969 9097
6970 7285
6972 8419
6973 9387
6976 8179
6979 8328
6979 8781
6981 7904
6983 9519
6984 9175
6989 7290
6992 8094
6995 8502
6999 8306
7002 8293
7003 9930
7004 9795
7005 8214
7006 7967
7007 7855
7008 8393
7010 8282
7011 7547
7012 9252
7013 7083
7013 7858
7017 9823
7019 9441
7020 8811
7022 8495
7025 7272
7026 9995
7030 7576
7034 9350
7035 7496
7035 9969
7037 9886
7042 8459
7043 8100
7044 9249
7044 9941
7045 8084
7048 9952
7049 9345
7051 7960
7051 9586
7052 7641
7053 8970
7054 8576
7054 7572
7055 8631
7056 7134
7061 7119
7062 9478
7064 9106
7064 8335
7066 7235
7067 8867
7068 7712
7069 9574
7070 8160
7070 8582
7073 7540
7076 8527
7077 9520
7081 7867
7083 7858
7086 8923
7088 9126
7089 8806
7091 9961
7093 7836
7096 7868
7096 8983
7099 9040
7101 9470
7102 8707
7103 8774
7103 9902
7105 9175
7106 7534
7107 7738
7109 9459
7111 9367
7114 9092
7114 8357
7115 9607
7118 9180
7120 9273
7121 7676
7123 8905
7125 7818
7126 8663
7129 7390
7129 7543
7130 9171
7132 8463
7139 8990
7142 7306
7143 7769
7144 7622
7146 8344
7148 8862
7152 8731
7157 9611
7159 9398
7162 7864
7164 8072
7164 9212
7166 7552
7167 9055
7168 9498
7168 8554
7169 7338
7170 8449
7171 8740
7173 7427
7175 7354
7177 8587
7180 7588
7181 7681
7182 9396
7184 8157
7185 7925
7185 7959
7186 7320
7187 8093
7189 8966
7192 9632
7192 9019
7193 7347
7193 9127
7194 9982
7195 9049
7198 9861
7201 9960
7202 7470
7203 9673
7203 7819
7204 9196
7205 8744
7205 8808
7206 8486
7207 9227
7207 9821
7210 8145
7213 9134
7213 8311
7214 8132
7216 8983
7220 8055
7221 9385
7222 8929
7222 8278
7224 9817
7225 9698
7227 8952
7228 8946
7229 9193
7233 9163
7234 9981
7234 7485
7238 9956
7239 8363
7241 8622
7241 7974
7243 8027
7244 7263
7245 7526
7245 7295
7246 8643
7247 9897
7249 8972
7250 8178
7250 9668
7251 9583
7254 9997
7257 8755
7258 9147
7259 8424
7260 8882
7262 9628
7266 7698
7267 8549
7267 7415
7268 9382
7274 9158
7275 7284
7276 9891
7277 9860
7278 7900
7279 8602
7279 7510
7280 9488
7280 8606
7281 9597
7282 9238
7283 7740
7284 9522
7285 7879
7286 7654
7287 8911
7289 8152
7291 8670
7296 7960
7297 8348
7299 8897
7301 9274
7305 7944
7305 8732
7310 7671
7311 8238
7312 7816
7315 8887
7316 8231
7318 7337
7321 7712
7321 7534
7322 7784
7322 8996
7324 9038
7326 7577
7326 9166
7330 7491
7332 8198
7332 9847
7333 8464
7335 8116
7338 8058
7339 9348
7340 9948
7341 8416
7342 7370
7344 8953
7345 8295
7346 9174
7348 8744
7349 7411
7353 8469
7357 9541
7358 7561
7359 9462
7360 9655
7360 7527
7361 9509
7362 9123
7365 8003
7368 9505
7369 7494
7370 8166
7372 7460
7373 9472
7374 8318
7377 9862
7381 7414
7383 8621
7385 9179
7386 8570
7388 8944
7389 9877
7392 8273
7392 8197
7393 9221
7393 7663
7394 8088
7395 9731
7397 8345
7400 9135
7401 9725
7402 8534
7405 8442
7406 9720
7408 8882
7409 8680
7409 9807
7416 9301
7420 8824
7421 9980
7426 8869
7430 8033
7430 8594
7431 8717
7433 7718
7434 9758
7439 8661
7440 9381
7441 8844
7442 9001
7442 9911
7443 9411
7443 7885
7447 8779
7447 8908
7454 8959
7458 8592
7459 8331
7460 9764
7461 8100
7462 8698
7463 7585
7465 7625
7467 9474
7468 8967
7472 8162
7473 9223
7474 9718
7475 9459
7475 8877
7477 9785
7479 9525
7479 9741
7482 9154
7486 8599
7487 7795
7490 9094
7491 8600
7497 9613
7499 9145
7509 9469
7511 8304
7513 8430
7514 7956
7515 9914
7515 8314
7516 8096
7516 8908
7516 9357
7519 8321
7521 7781
7523 8230
7525 9691
7526 8653
7529 8155
7530 9081
7531 9472
7531 9636
7533 9495
7539 8769
7539 8036
7539 9797
7542 9369
7548 9170
7548 9076
7549 7612
7551 7887
7556 9812
7558 8271
7564 8226
7565 9420
7566 7887
7568 8682
7568 8339
7569 9477
7570 7675
7573 9013
7573 9350
7581 9555
7584 9138
7586 8402
7587 8844
7588 9255
7590 7961
7592 9636
7594 7834
7595 9627
7596 7683
7597 9475
7598 8497
7604 9259
7605 8306
7606 8134
7607 9826
7608 8802
7610 7701
7611 7916
7612 8129
7613 9507
7613 8324
7617 7846
7622 8439
7624 9663
7626 9693
7627 8323
7631 9969
7632 8787
7640 9008
7640 8699
7642 9855
7643 8604
7644 8083
7645 9473
7646 8512
7647 9076
7649 7965
7651 9292
7653 9430
7655 9551
7656 8989
7661 8050
7666 8460
7668 8090
7669 9064
7672 8169
7674 9190
7680 8766
7682 8732
7684 8645
7685 7755
7685 7862
7686 9305
7687 8308
7688 9323
7689 7838
7690 8149
7691 8955
7697 7963
7699 9053
7700 8073
7701 9362
7702 9452
7703 7726
7705 9471
7707 9596
7707 8333
7708 9491
7710 8788
7714 8865
7720 9356
7721 9156
7723 8452
7726 8584
7730 9590
7732 9331
7733 9392
7733 9646
7738 7870
7739 9622
7739 9686
7741 9602
7742 8326
7749 8357
7750 8054
7756 9966
7756 8702
7762 8191
7766 9463
7767 8689
7770 9729
7771 9478
7772 9044
7775 9325
7776 8610
7776 8390
7779 8666
7781 7811
7785 7819
7790 8061
7791 8204
7791 8756
7794 9906
7796 8995
7797 8533
7798 8888
7799 9055
7799 8511
7800 8509
7802 9791
7804 7968
7806 8712
7807 9440
7808 8317
7813 8001
7814 9233
7816 9671
7820 8207
7821 8386
7822 8068
7825 9816
7827 8007
7829 9529
7830 8900
7830 9831
7832 9730
7835 8852
7836 9753
7837 8772
7842 8830
7847 7902
7852 9004
7853 8736
7856 9425
7860 8920
7860 7892
7861 9093
7864 9889
7867 8680
7869 8161
7881 8091
7882 9832
7885 9193
7888 9728
7889 9587
7894 9379
7895 8996
7895 9367
7896 8621
7898 8848
7904 9819
7905 8833
7908 9318
7908 8031
7909 9190
7910 8935
7911 8221
7918 9937
7920 9481
7921 8288
7921 9951
7929 8164
7930 9775
7931 9940
7932 8501
7933 9223
7942 8871
7945 9554
7945 9972
7948 9609
7950 8116
7951 9328
7965 8814
7966 8262
7968 9306
7970 8797
7971 8144
7971 8151
7972 8187
7975 8597
7977 8342
7978 9796
7982 8863
7987 9337
7991 8561
7994 8515
7997 9929
7998 9596
8005 9305
8007 8067
8009 8632
8009 8167
8011 9179
8012 9715
8015 9946
8018 8163
8018 8404
8019 8371
8021 9959
8023 8070
8029 9617
8029 9917
8031 9376
8032 9226
8034 9369
8034 9234
8038 9206
8041 8366
8044 9125
8048 8465
8048 8110
8049 9443
8056 8112
8056 8475
8061 9002
8062 9845
8063 8266
8069 8641
8070 9422
8075 8367
8076 9203
8077 9078
8081 9651
8087 9181
8095 9923
8096 9837
8098 9856
8098 9437
8102 9502
8103 8769
8108 9414
8121 9150
8133 9946
8136 9949
8137 9958
8141 9965
8142 8586
8142 8302
8151 9715
8158 8765
8165 8483
8170 9642
8171 8711
8172 8545
8173 8504
8174 8398
8175 9204
8176 9031
8179 8336
8181 8341
8184 9405
8185 9984
8188 9010
8189 9187
8192 8385
8195 9325
8196 9551
8205 9983
8211 8372
8213 9746
8216 9884
8220 9598
8220 9982
8221 9559
8227 9812
8227 9535
8228 9364
8229 8921
8232 9060
8234 8834
8236 9142
8241 9053
8244 8591
8246 9882
8247 9582
8250 9679
8251 8890
8253 8601
8253 8426
8256 8445
8258 8782
8263 9687
8265 9112
8266 8642
8269 8568
8269 8574
8272 8873
8272 8423
8274 9703
8276 8434
8277 9747
8279 9993
8287 8906
8287 9540
8290 8580
8290 9597
8294 8338
8296 9987
8300 8741
8305 8367
8310 9963
8312 9657
8312 9845
8316 9947
8325 8738
8327 9026
8327 9556
8328 8781
8329 8662
8333 9596
8334 8720
8337 8981
8339 9825
8342 8674
8345 8937
8347 9150
8359 8963
8363 8480
8364 9672
8365 8728
8366 9473
8371 9777
8375 9981
8377 9585
8377 9577
8379 8484
8380 9256
8382 9582
8387 9201
8400 9742
8406 9822
8408 8898
8412 9120
8427 9621
8428 9771
8432 8827
8436 8673
8451 8676
8454 9933
8456 8490
8456 9331
8458 9018
8458 9899
8459 8630
8462 9483
8467 9157
8468 9696
8476 8514
8479 9834
8482 9041
8485 8539
8493 8797
8495 8631
8496 9592
8496 8606
8500 8754
8504 8560
8505 8697
8506 9683
8507 9295
8508 8609
8516 9454
8519 9836
8523 9816
8524 8980
8532 8551
8533 8676
8535 8588
8536 9304
8541 8982
8546 8978
8547 9377
8548 9030
8552 9942
8553 9160
8557 8877
8558 9313
8566 9444
8566 9500
8567 9269
8575 9894
8577 9527
8578 9493
8581 9810
8585 9084
8587 8706
8590 9864
8594 8701
8598 9494
8603 8685
8608 9219
8613 9815
8614 8875
8619 9133
8628 9324
8633 9338
8637 9326
8639 9972
8646 9735
8648 9638
8650 9027
8651 8764
8652 9391
8654 8673
8665 9976
8666 8915
8667 9734
8679 9230
8682 9285
8703 9244
8704 9438
8707 9839
8713 8916
8713 9750
8714 9714
8721 8992
8725 9943
8742 8931
8748 9819
8750 9301
8751 8907
8755 9206
8760 9358
8768 9288
8774 8851
8778 9349
8779 9577
8780 8843
8781 9197
8787 9115
8788 9853
8791 9184
8796 9633
8799 8864
8799 9804
8800 9829
8805 8865
8812 9876
8820 9437
8825 9131
8829 9868
8829 8981
8831 9431
8832 9835
8841 9711
8849 9068
8849 9310
8852 9585
8854 9849
8857 9127
8860 9477
8861 9619
8866 9856
8870 9240
8874 8927
8881 9047
8889 9873
8892 8942
8904 9221
8908 9357
8909 9109
8912 9678
8913 9268
8915 9812
8924 9867
8927 9568
8930 9793
8935 9366
8943 9803
8945 9110
8947 9828
8949 9118
8955 9258
8965 9592
8966 9073
8967 9858
8970 9274
8971 9576
8976 9355
8979 9479
8994 9851
8997 9146
9003 9419
9013 9215
9017 9371
9019 9184
9024 9276
9025 9363
9026 9707
9032 9606
9034 9714
9039 9499
9056 9281
9056 9260
9056 9371
9057 9535
9074 9347
9083 9680
9089 9913
9106 9584
9107 9762
9108 9243
9116 9296
9117 9817
9119 9135
9128 9278
9136 9329
9138 9153
9139 9756
9141 9986
9149 9707
9151 9258
9151 9548
9157 9384
9158 9613
9162 9393
9164 9904
9170 9780
9176 9485
9177 9189
9185 9852
9192 9372
9195 9497
9199 9665
9226 9533
9229 9859
9229 9693
9234 9991
9239 9453
9241 9749
9242 9639
9245 9523
9250 9875
9259 9536
9260 9371
9270 9743
9271 9883
9283 9794
9289 9802
9297 9653
9305 9309
9321 9809
9322 9986
9333 9580
9348 9512
9351 9898
9357 9752
9389 9455
9390 9511
9399 9676
9410 9704
9411 9650
9422 9857
9428 9647
9440 9784
9442 9615
9451 9906
9474 9633
9480 9505
9491 9504
9492 9537
9492 9927
9494 9805
9518 9842
9525 9783
9534 9919
9535 9812
9549 9800
9557 9626
9560 9871
9563 9841
9565 9963
9584 9874
9594 9898
9600 9694
9607 9646
9617 9917
9623 9679
9624 9833
9626 9706
9628 9632
9637 9895
9641 9914
9665 9932
9716 9833
9722 9846
9746 9919
9755 9769
9761 9968
9767 9873
9854 9928
