1000 1015
0 820
0 294
1 10
1 509
2 897
2 180
3 986
3 135
4 444
4 774
5 616
5 947
6 969
6 532
7 326
7 615
8 744
8 531
9 635
9 277
10 319
11 841
11 959
12 19
12 573
13 790
13 111
14 34
14 999
15 755
15 884
16 364
16 806
17 889
17 501
18 602
18 455
19 529
20 928
20 235
21 168
21 921
22 132
22 701
23 920
23 428
24 120
24 314
25 434
25 421
26 347
26 501
27 624
27 409
28 401
28 47
29 353
29 908
30 994
30 732
31 178
31 251
32 417
32 622
33 725
33 261
34 187
35 464
35 243
36 249
36 559
37 360
37 354
38 96
38 309
39 793
39 179
40 284
40 933
41 157
41 847
42 139
42 999
43 244
43 69
44 785
44 116
45 982
45 390
46 488
46 705
46 851
46 68
47 675
48 385
48 734
49 108
49 613
50 868
50 925
51 52
51 284
52 903
53 393
53 979
54 875
54 631
55 798
55 967
56 977
56 369
57 491
57 804
58 835
58 782
59 307
59 699
60 768
60 254
61 823
61 807
62 589
62 935
63 377
63 557
64 476
64 964
65 602
65 838
66 528
66 427
67 633
67 954
68 456
68 705
68 826
69 374
70 994
70 519
71 82
71 469
72 314
72 148
73 910
73 494
74 290
74 173
75 146
75 551
76 760
76 202
77 712
77 230
78 173
78 519
79 965
79 879
80 545
80 379
81 401
81 683
82 168
83 272
83 395
84 248
84 662
85 459
85 877
86 288
86 675
87 736
87 103
88 347
88 645
89 776
89 432
90 481
90 754
91 568
91 448
92 449
92 558
93 908
93 503
94 584
94 705
95 819
95 479
96 683
97 834
97 223
98 746
98 115
99 995
99 411
100 896
100 188
101 275
101 878
102 649
102 252
103 485
104 656
104 236
105 924
105 788
106 482
106 932
107 752
107 366
108 426
109 915
109 438
110 874
110 156
111 948
112 825
112 393
113 692
113 151
114 331
114 685
115 693
116 599
117 339
117 196
118 597
118 277
119 312
119 906
119 411
119 814
120 743
121 978
121 526
122 657
122 580
123 792
123 769
124 666
124 899
125 465
125 415
126 480
126 526
127 970
127 941
128 912
128 407
129 536
129 990
130 650
130 515
131 728
131 562
132 592
133 563
133 140
134 875
134 607
135 164
136 436
136 919
137 288
137 258
138 309
138 422
139 470
140 550
141 558
141 591
142 686
142 246
143 977
143 381
144 362
144 411
145 368
145 292
146 201
147 796
147 149
148 359
149 802
150 564
150 389
151 263
152 690
152 166
153 680
153 963
154 387
154 783
155 496
155 481
156 629
157 660
158 352
158 333
159 285
159 894
160 878
160 958
161 775
161 839
162 779
162 430
163 687
163 703
164 330
165 272
165 258
166 724
167 840
167 648
169 556
169 926
170 929
170 612
171 245
171 767
172 227
172 525
174 482
174 220
175 448
175 894
176 756
176 927
177 464
177 268
178 387
179 661
180 672
181 483
181 429
182 232
182 518
183 668
183 340
184 746
184 996
185 915
185 452
186 603
186 715
187 750
188 506
189 502
189 511
190 328
190 665
191 237
191 911
192 933
192 614
193 898
193 302
194 376
194 221
195 450
195 386
196 239
197 513
197 775
198 446
198 695
199 625
199 414
200 704
200 714
201 404
202 781
203 560
203 251
204 212
204 797
205 964
205 444
206 424
206 281
207 992
207 772
208 985
208 874
209 984
209 807
210 461
210 247
211 313
211 234
212 681
213 293
213 445
214 929
214 756
215 569
215 966
216 497
216 846
217 578
217 901
218 853
218 791
219 291
219 943
220 495
221 425
222 747
222 988
223 918
224 232
224 745
225 354
225 831
226 561
226 533
227 473
228 434
228 308
229 536
229 870
230 688
231 395
231 747
233 273
233 380
234 691
235 666
236 906
237 355
238 413
238 710
239 625
240 538
240 467
241 987
241 358
242 320
242 928
243 372
244 940
245 341
246 923
247 678
248 721
249 965
250 768
250 348
252 689
253 635
253 989
254 828
255 765
255 767
256 865
256 262
257 608
257 581
259 749
259 885
260 384
260 806
261 339
262 384
263 976
264 345
264 682
265 633
265 914
266 707
266 663
267 632
267 774
268 787
269 845
269 974
270 579
270 451
271 493
271 327
273 299
274 312
274 487
275 674
276 320
276 292
278 809
278 383
279 953
279 566
280 648
280 547
281 605
282 816
282 549
283 937
283 755
285 570
286 656
286 468
287 643
287 311
289 504
289 564
290 813
291 665
293 363
294 873
295 356
295 375
296 541
296 319
297 474
297 495
298 883
298 477
299 842
300 856
300 643
301 993
301 474
302 932
303 973
303 702
304 949
304 910
305 900
305 621
306 737
306 739
307 343
308 404
310 916
310 565
311 471
313 972
315 617
315 718
316 557
316 998
317 497
317 662
318 496
318 567
321 770
321 586
322 381
322 639
323 947
323 884
324 797
324 703
325 346
325 387
325 636
325 565
326 773
327 441
328 552
329 858
329 655
330 416
331 716
332 637
332 679
333 805
334 378
334 514
335 433
335 924
336 882
336 740
337 664
337 890
338 649
338 761
340 556
341 418
342 368
342 514
343 349
344 508
344 590
345 925
346 966
348 621
349 751
350 992
350 459
351 394
351 907
352 431
353 812
355 684
356 567
357 525
357 365
358 730
359 972
360 468
361 490
361 484
362 535
363 735
364 843
365 921
366 854
367 985
367 618
369 632
370 709
370 582
371 521
371 975
372 713
373 713
373 945
374 923
375 436
376 394
377 812
378 553
379 660
380 428
382 896
382 769
383 590
385 784
386 458
387 636
388 400
388 857
389 475
390 396
391 853
391 895
392 489
392 671
396 971
397 419
397 623
398 545
398 653
399 849
399 697
400 463
402 906
402 742
403 472
403 822
405 867
405 491
406 616
406 701
407 898
408 762
408 591
409 837
410 912
410 869
411 906
412 589
412 893
413 719
414 623
415 483
416 721
417 827
418 597
419 916
420 833
420 586
421 443
422 936
423 741
423 446
424 889
425 640
425 485
425 794
426 544
427 883
429 507
430 600
431 677
432 617
433 622
435 587
435 527
437 691
437 475
438 442
439 489
439 642
440 909
440 830
441 893
442 530
443 599
445 922
447 995
447 886
449 959
450 727
451 477
452 603
453 784
453 657
454 595
454 651
455 580
456 979
457 850
457 931
458 646
460 890
460 731
461 968
462 872
462 510
463 720
465 934
466 765
466 879
467 940
469 693
470 839
471 860
472 601
473 857
476 629
478 600
478 659
479 697
480 517
484 773
485 794
485 670
486 554
486 950
487 891
488 740
490 630
492 763
492 581
493 628
494 981
498 685
498 542
499 986
499 517
500 873
500 566
502 829
503 631
504 903
505 808
505 664
506 832
507 534
508 528
509 814
510 736
511 811
512 530
512 654
513 881
515 758
516 709
516 583
518 960
518 854
518 679
520 568
520 574
521 816
522 673
522 733
523 904
523 837
524 891
524 534
527 788
529 862
531 694
532 971
533 783
535 538
537 880
537 997
539 984
539 914
540 795
540 852
541 954
542 569
543 818
543 813
544 596
546 706
546 997
547 969
548 722
548 991
549 669
550 824
551 582
552 901
553 866
554 707
555 776
555 630
559 690
560 748
561 952
562 735
563 876
570 669
571 870
571 982
572 592
572 927
573 689
574 702
575 793
575 803
576 641
576 973
577 821
577 942
578 585
579 821
583 766
584 861
585 609
587 734
588 836
588 885
593 794
593 791
594 934
594 871
595 682
596 794
598 642
598 854
601 836
604 907
604 606
605 708
606 951
607 892
608 653
609 917
610 843
610 957
611 641
611 658
612 615
613 861
614 764
618 730
619 706
619 759
620 838
620 847
624 976
626 881
626 941
627 705
627 946
628 974
634 729
634 679
636 715
636 863
637 646
638 737
638 963
639 962
640 772
644 651
644 948
645 678
647 961
647 668
650 771
652 801
652 700
654 956
655 800
658 687
659 930
661 846
663 855
667 905
667 938
670 882
671 872
672 825
673 738
674 887
676 801
676 827
677 716
679 854
680 732
681 760
684 792
686 787
688 991
692 988
694 864
695 935
696 949
696 957
698 829
698 766
699 917
700 817
704 888
708 900
710 804
711 886
711 942
712 913
714 811
717 962
717 722
718 936
719 820
720 856
723 862
723 751
724 937
725 960
726 808
726 975
727 855
728 748
729 818
731 779
733 859
738 809
739 967
741 955
742 824
743 970
744 796
745 902
749 859
750 833
752 980
753 754
753 798
757 840
757 865
758 803
759 866
761 983
762 835
763 897
764 956
770 834
771 810
777 780
777 822
778 904
778 978
780 863
781 848
782 871
785 799
786 913
786 983
789 968
789 832
790 817
795 943
799 860
800 952
802 842
805 892
810 950
815 931
815 830
819 955
823 926
826 938
828 902
831 852
841 849
844 850
844 919
845 990
848 945
851 989
858 930
864 996
867 895
868 987
869 920
876 922
877 993
880 944
887 944
888 958
899 998
905 946
909 918
911 981
939 953
939 951
961 980
