10000 10152
0 624
0 5222
1 4304
1 8466
2 656
2 5469
3 3372
3 2917
4 5191
4 2111
5 8944
5 9985
6 3234
6 8941
7 8929
7 9355
8 8273
8 622
9 6296
9 383
10 7964
10 3638
11 3154
11 1526
12 8460
12 7517
13 7834
13 4358
14 1584
14 2265
15 26
15 4149
16 6547
16 6646
17 6888
17 5099
18 8265
18 746
19 4949
19 1677
20 1164
20 9524
21 3072
21 4509
22 5220
22 6527
23 5989
23 3575
24 9016
24 2841
25 8859
25 2005
26 3390
27 4448
27 303
28 1768
28 3517
29 1846
29 9271
30 5458
30 8018
31 7997
31 8518
32 2057
32 2301
33 6164
33 4743
34 9103
34 2535
35 4713
35 7925
36 3131
36 332
37 9178
37 3734
38 4888
38 371
39 6608
39 5371
40 8033
40 7228
41 1386
41 2919
42 809
42 3924
43 9197
43 238
44 74
44 7715
45 3982
45 5310
46 5540
46 4599
47 4082
47 315
48 2352
48 4882
49 6824
49 946
50 1577
50 8246
51 1657
51 3986
52 9815
52 3007
53 6402
53 1874
54 8850
54 756
55 2546
55 2587
56 3464
56 1896
57 9545
57 7383
58 9958
58 5999
59 2438
59 6999
60 557
60 391
61 9290
61 3596
62 2036
62 7791
63 1755
63 3845
64 2160
64 2822
65 7402
65 6875
66 3332
66 5870
67 1318
67 7671
68 3297
68 325
69 5553
69 1250
70 3521
70 5438
71 7888
71 7111
72 8472
72 2091
73 593
73 6979
74 2322
75 2441
75 2119
76 629
76 3943
77 657
77 9402
78 3553
78 8907
79 9192
79 1736
80 1896
80 293
81 3122
81 8942
82 7200
82 8340
83 2776
83 1891
84 6635
84 6355
85 2040
85 883
86 9016
86 3731
87 2778
87 4515
88 2798
88 2911
89 9790
89 7599
90 7644
90 6197
91 5976
91 3571
92 9079
92 8319
93 5640
93 4308
94 1874
94 4567
95 7820
95 9367
96 6977
96 535
97 6986
97 4869
98 6421
98 5455
99 6472
99 8625
100 8829
100 4781
101 6564
101 3940
102 8216
102 925
103 8970
103 3067
104 2228
104 6740
105 4946
105 4178
106 3378
106 9782
107 7181
107 9143
108 9129
108 9692
109 4220
109 7478
110 2808
110 5370
111 7211
111 4331
112 5739
112 3597
113 5301
113 2254
114 3697
114 8029
115 7749
115 1558
116 7826
116 2038
117 7852
117 2309
118 5288
118 4533
119 4121
119 4786
120 6948
120 541
121 7521
121 8990
122 1969
122 2364
123 9866
123 9949
124 4189
124 8726
125 9961
125 8245
126 5461
126 9527
127 9747
127 1606
128 7042
128 6223
129 3410
129 7807
130 4306
130 4626
131 8228
131 8006
132 4893
132 1999
133 7785
133 7314
134 8147
134 2071
135 779
135 2460
136 5707
136 5380
137 272
137 7483
138 367
138 1839
139 7992
139 9691
140 9072
140 6959
141 4704
141 5514
142 2739
142 1190
143 2793
143 3474
144 3541
144 3277
145 3272
145 7091
146 234
146 4468
147 5371
147 3731
148 5906
148 2438
149 9653
149 9357
150 7732
150 5839
151 517
151 8062
152 2248
152 4507
153 444
153 1511
154 3938
154 9683
155 6604
155 4335
156 6158
156 8983
157 4565
157 4742
158 9939
158 3708
159 7331
159 6547
160 1692
160 8420
161 1745
161 9922
161 1773
161 1767
162 2920
162 7651
163 5067
163 6541
164 8312
164 3494
165 6420
165 9358
166 5828
166 7815
167 6298
167 7843
168 7317
168 8046
169 6548
169 1335
170 7832
170 5773
171 5661
171 2399
172 9794
172 5343
173 2927
173 6543
174 292
174 2437
175 5632
175 6620
176 9501
176 6855
177 4027
177 3621
178 366
178 4446
179 2553
179 1205
180 8452
180 5822
181 488
181 6933
182 4044
182 6292
183 8088
183 3724
184 3297
184 2399
185 5539
185 1909
186 1708
186 2821
187 7674
187 387
188 9884
188 4143
189 1979
189 620
190 4570
190 3077
191 2387
191 515
192 3658
192 6509
193 2753
193 3319
194 9273
194 7035
195 3790
195 2391
196 9928
196 4731
197 4633
197 8806
198 1451
198 9692
199 6698
199 7246
200 704
200 7108
201 2297
201 8636
202 1633
202 2685
203 3215
203 7287
204 5037
204 9798
205 6058
205 3445
206 6040
206 7386
207 3432
207 3912
208 6188
208 957
209 920
209 3922
210 2876
210 3437
211 6730
211 1190
212 6643
212 8654
213 3337
213 6243
214 9973
214 2965
215 5851
215 1406
216 7402
216 6131
217 6745
217 1146
218 1713
218 4434
219 1122
219 5915
220 7164
220 2316
221 5592
221 506
222 1084
222 510
223 2059
223 6550
224 4568
224 1561
225 9096
225 3442
226 4499
226 6222
227 8341
227 2718
228 4753
228 6046
229 3744
229 5715
229 6789
229 5079
230 6760
230 895
231 4538
231 7714
232 3728
232 1852
233 3224
233 819
234 8963
235 8508
235 2358
236 6384
236 7805
237 9088
237 9573
238 757
239 5136
239 1320
240 5116
240 5103
241 3869
241 3773
242 3675
242 8302
243 9676
243 1814
244 1993
244 1029
245 7297
245 4564
246 5427
246 5743
247 7617
247 5413
248 6387
248 3317
249 7465
249 4300
250 1292
250 7861
251 1858
251 7419
252 5277
252 4783
253 4131
253 6603
254 5403
254 3723
255 5690
255 8662
256 6104
256 6321
257 4417
257 7310
258 674
258 3438
259 2204
259 861
260 7584
260 8902
261 3140
261 5972
262 9858
262 8875
263 2643
263 845
264 3418
264 1533
265 9147
265 2886
266 8436
266 629
267 5372
267 8575
268 9243
268 4045
269 9681
269 1887
270 2833
270 451
271 4371
271 5661
272 5326
273 3320
273 1007
274 5275
274 431
275 8011
275 4301
276 4379
276 1445
277 8552
277 3321
278 7854
278 1079
279 5128
279 4761
280 6075
280 4165
280 1045
280 6996
281 2329
281 6386
282 9093
282 2150
283 4315
283 5174
284 2738
284 8866
285 8672
285 5571
286 6305
286 6418
287 8808
287 5459
288 8993
288 6228
289 3877
289 9902
290 450
290 2686
291 2304
291 4037
292 7962
293 1523
294 5945
294 8887
295 3337
295 8186
296 8882
296 6781
297 8393
297 5966
298 7855
298 3143
299 633
299 2586
300 6064
300 4860
301 2859
301 6094
302 7242
302 7412
303 1824
304 6777
304 658
305 3973
305 7045
306 1166
306 398
307 8610
307 2458
308 5379
308 1747
309 9409
309 9434
310 8904
310 9466
311 617
311 3379
312 9154
312 6159
313 5001
313 9389
314 1161
314 4182
315 6667
316 6322
316 6135
317 6141
317 9638
318 4083
318 6324
319 4878
319 8295
320 6700
320 2758
321 5420
321 829
322 7161
322 7887
323 8493
323 8718
324 6965
324 6863
325 9595
326 8048
326 8055
327 9786
327 3507
328 5266
328 2892
329 5624
329 2617
330 4635
330 1524
331 1065
331 7580
332 9386
333 9456
333 4172
334 4906
334 6407
335 7480
335 1801
336 5345
336 4157
337 8888
337 3550
338 7656
338 4497
339 6792
339 6399
340 5384
340 6549
341 8720
341 4372
342 8648
342 1957
343 9861
343 7662
344 860
344 6597
345 1203
345 5902
346 6866
346 2986
346 7227
346 5695
347 414
347 1318
348 8105
348 4110
349 1970
349 7222
350 7588
350 7326
351 9107
351 6885
352 9498
352 9046
353 640
353 2095
354 4632
354 9162
355 2770
355 4341
356 6233
356 3758
357 6427
357 2492
358 4120
358 978
359 9312
359 9894
360 2973
360 1189
361 7777
361 5885
362 8361
362 4579
363 3861
363 918
364 3809
364 3486
365 3113
365 8035
366 4689
367 4973
368 3470
368 1175
369 1152
369 6936
370 3371
370 9947
371 6334
372 1539
372 5652
373 2938
373 5756
374 5075
374 8295
375 2372
375 1655
376 8025
376 595
377 6176
377 1982
378 5940
378 3221
379 1830
379 423
380 9761
380 4299
381 9129
381 9575
382 7753
382 5647
383 5284
384 6891
384 9237
385 9577
385 6374
386 8376
386 3964
387 1473
388 5907
388 6463
389 8798
389 9582
389 4299
389 2486
390 8236
390 8725
391 1421
392 973
392 8870
393 5633
393 6388
394 2633
394 5676
395 6016
395 3286
396 3510
396 2863
397 9235
397 803
398 6982
399 6489
399 7919
400 1184
400 5745
401 3601
401 2846
402 6867
402 8255
403 1504
403 1131
404 5284
404 9270
405 524
405 3900
406 4523
406 8501
407 6652
407 7990
408 1480
408 9663
409 8700
409 3446
410 545
410 2579
411 2052
411 2814
412 2736
412 6325
413 9200
413 6975
414 2284
415 9468
415 7271
416 2518
416 6047
417 4944
417 9084
418 2163
418 1863
419 8161
419 6263
420 8833
420 620
421 463
421 7631
422 8661
422 9735
423 9363
424 7036
424 5758
425 7186
425 9095
426 9505
426 1335
427 6441
427 9815
428 5832
428 2818
429 605
429 2222
430 7779
430 7453
431 7865
432 2327
432 6199
433 1986
433 6861
434 9273
434 8311
435 6069
435 9078
436 1306
436 8598
437 7923
437 7323
438 7392
438 7212
439 9221
439 9885
440 5793
440 1519
441 9344
441 6020
442 5762
442 2862
443 1042
443 4494
444 9180
445 4067
445 6430
446 2569
446 6804
447 4123
447 3614
448 4096
448 8185
449 3573
449 6398
450 7841
451 3558
452 1211
452 3647
453 5921
453 5902
454 8544
454 3657
455 478
455 9534
456 2285
456 5869
457 3997
457 9567
458 3586
458 5771
459 1803
459 4982
460 5732
460 2020
461 1636
461 1653
462 4145
462 7909
463 9832
464 1730
464 1549
465 2514
465 3597
466 3722
466 4989
467 4188
467 8318
468 4536
468 6182
469 1032
469 2699
470 4420
470 2263
471 1248
471 8009
472 3708
472 9006
473 4392
473 703
474 4828
474 4245
475 8328
475 3992
476 9392
476 2242
477 3749
477 2070
478 3382
479 6704
479 4805
480 5313
480 9482
481 5381
481 989
482 4488
482 3416
483 1216
483 1249
484 4233
484 9589
485 2162
485 5797
486 6378
486 1170
487 5954
487 9156
488 6051
489 5016
489 7774
490 1521
490 6565
491 9874
491 3787
492 1203
492 7142
493 8624
493 5731
494 8581
494 3335
495 3873
495 1806
496 2938
496 8983
497 980
497 2743
498 2208
498 2100
499 6562
499 5165
500 8425
500 9511
501 5085
501 2581
502 5963
502 1180
503 1857
503 1611
504 8041
504 9403
505 720
505 5317
506 8395
507 4620
507 9766
508 5414
508 9702
509 3180
509 5727
510 7221
511 9000
511 6278
512 6875
512 1333
513 1168
513 1765
514 3235
514 8455
515 2914
516 6498
516 9374
517 9450
518 6747
518 3758
519 849
519 8858
520 2206
520 6046
521 7929
521 5612
522 2473
522 8188
523 8482
523 858
524 3931
525 8450
525 1715
526 6864
526 4775
527 2193
527 5763
528 4464
528 5550
529 7385
529 8225
530 5370
530 4340
531 2463
531 3383
532 3955
532 8373
533 2825
533 1750
534 2317
534 7390
535 2159
536 4971
536 6255
537 8073
537 3042
538 3152
538 8057
539 9316
539 8900
540 9370
540 9551
541 3206
542 1257
542 7669
543 1299
543 8893
544 1803
544 1811
545 9605
546 2219
546 1275
547 1859
547 5253
548 7869
548 7342
549 1177
549 1198
550 3667
550 1381
551 1305
551 7060
552 2445
552 6301
553 6891
553 8582
554 2760
554 6852
555 8945
555 1966
556 8240
556 1272
557 3882
558 5176
558 1364
559 6225
559 1931
560 1779
560 1646
561 6468
561 4198
562 9328
562 8107
563 4716
563 1326
564 2210
564 6068
565 5235
565 5213
566 8112
566 9820
567 6377
567 4115
568 2705
568 6549
569 1888
569 7634
570 8305
570 9837
571 4675
571 1563
572 3161
572 8068
573 4624
573 5475
574 7306
574 3483
575 6840
575 8050
576 8841
576 6925
577 7660
577 4325
578 928
578 987
579 2843
579 6284
580 5490
580 5735
581 3256
581 6585
582 8707
582 5806
583 2784
583 6434
584 4956
584 9053
585 9211
585 6276
586 5497
586 2026
587 9069
587 3638
588 8352
588 4911
589 7281
589 7892
590 8435
590 9678
591 6213
591 8095
592 2320
592 6411
593 5302
594 6981
594 2135
595 5708
596 6515
596 7333
597 5682
597 5203
598 1684
598 1686
599 8034
599 4867
600 3979
600 4415
601 7781
601 3694
602 7817
602 4981
603 3560
603 3093
604 2924
604 6638
605 3130
606 8264
606 8721
607 7562
607 5587
608 6112
608 4988
609 2963
609 4070
610 8241
610 1837
611 3010
611 7938
612 9536
612 1620
613 1410
613 2026
614 9444
614 5429
615 1930
615 2319
616 4625
616 9814
617 7747
618 835
618 7357
619 9208
619 8032
621 4678
621 6310
622 9992
623 7258
623 4039
624 9419
625 8115
625 4463
626 7824
626 3201
627 7448
627 9407
628 7188
628 8799
630 7466
630 4444
631 9250
631 6966
632 8181
632 718
633 9821
634 3360
634 3458
635 4321
635 757
636 2908
636 878
637 7986
637 699
638 2379
638 7879
639 7458
639 2186
640 3634
641 5417
641 4251
642 8116
642 8119
643 798
643 5415
644 8171
644 1023
645 5144
645 685
646 5528
646 3765
647 8641
647 3763
648 6357
648 6157
649 2009
649 4605
650 7138
650 2709
651 6104
651 8741
652 8193
652 8374
653 5145
653 2027
654 2989
654 9734
655 1966
655 4983
656 8871
657 4150
658 4398
659 688
659 4824
660 1465
660 6074
661 2609
661 3125
662 6008
662 7457
663 1876
663 6223
664 8553
664 2374
665 8987
665 7133
666 2661
666 2102
667 9785
667 4815
668 9929
668 4229
669 2328
669 3389
670 7836
670 1548
671 2193
671 5677
672 4163
672 5269
673 789
673 4221
674 783
675 3078
675 3607
676 6992
676 4983
677 814
677 8150
678 9356
678 6063
679 3103
679 6455
680 9889
680 4647
681 7764
681 3046
682 4721
682 5005
683 4427
683 917
684 8796
684 2767
685 5180
686 6735
686 5727
687 8769
687 1067
688 8687
689 4760
689 1055
690 6706
690 2195
691 8339
691 9054
692 9881
692 1871
693 872
693 6795
694 2991
694 1431
695 6179
695 4061
696 4354
696 2243
697 3194
697 5647
698 2338
698 3443
699 9668
700 4832
700 2545
701 4269
701 6975
702 4356
702 4255
703 5595
704 4540
705 2812
705 9575
706 2064
706 8342
707 8485
707 7853
708 2076
708 2877
709 1433
709 7713
710 2891
710 4493
711 3492
711 4751
712 4321
712 4693
713 6928
713 6356
714 8310
714 2615
715 3226
715 3213
716 5054
716 2206
717 7414
717 4567
718 8462
719 4436
719 4287
720 5230
721 6388
721 1031
722 7708
722 4100
723 3946
723 4151
724 7062
724 4334
725 5366
725 7327
726 6426
726 8109
727 8851
727 1494
728 2096
728 8002
729 7608
729 7700
730 9058
730 6163
731 3409
731 8500
732 4512
732 1049
733 9788
733 782
734 5555
734 5628
735 9200
735 3485
736 2330
736 5485
737 7298
737 1197
738 1469
738 6030
739 7633
739 9924
740 6129
740 1773
741 3229
741 9631
742 6788
742 9398
743 4275
743 5775
744 5000
744 3702
745 8569
745 2957
746 905
747 5363
747 9605
748 4001
748 5358
749 3569
749 6358
750 9521
750 7779
751 1932
751 1212
752 3065
752 8300
753 8705
753 2087
754 2139
754 2975
755 1920
755 8606
756 1505
758 7964
758 7231
759 1212
759 2310
760 1418
760 2511
761 4334
761 9142
761 7126
761 5038
762 2626
762 7322
763 9720
763 8811
764 6699
764 6564
765 2724
765 3334
766 8432
766 1809
767 6746
767 4934
768 8986
768 6125
769 5268
769 4183
770 9828
770 6924
771 3705
771 5347
772 5075
772 2949
773 2632
773 6558
774 4575
774 2135
775 3711
775 4127
776 6595
776 5805
777 9544
777 4762
778 2849
778 9598
779 6859
780 4913
780 9867
781 3966
781 8911
782 4732
783 4992
784 9472
784 6484
785 8308
785 9437
786 5273
786 9203
787 4008
787 1125
788 9614
788 823
789 2458
790 9962
790 8364
791 2241
791 5300
792 7099
792 2814
793 4251
793 3862
794 9634
794 3298
795 8975
795 3951
796 8320
796 7075
797 1268
797 4431
798 1043
799 7554
799 4299
800 6363
800 3908
801 5185
801 6799
802 8728
802 6906
803 5957
804 7619
804 7007
805 5178
805 5484
806 4475
806 3820
807 5250
807 5190
808 9776
808 5613
809 2579
810 2645
810 5934
811 8930
811 7371
812 1187
812 4439
813 7193
813 4270
814 6726
815 6548
815 4116
816 7089
816 4142
817 1052
817 8854
818 8464
818 4445
819 5917
820 7189
820 8598
821 2240
821 6589
822 9786
822 8685
823 1080
824 7294
824 2214
825 1278
825 8763
825 1006
825 8623
826 7600
826 8966
827 9712
827 1950
828 8482
828 8340
829 8325
830 4976
830 3797
831 7875
831 5845
832 3191
832 8719
833 5355
833 5031
834 5632
834 5965
835 3290
836 3328
836 8212
837 8713
837 4175
838 2172
838 2743
839 7818
839 3868
840 6696
840 9293
841 1291
841 8004
842 2466
842 2885
843 7220
843 2127
844 3448
844 2860
845 6277
846 7061
846 1231
847 2955
847 1638
848 2588
848 4461
849 7354
850 7626
850 3732
851 2744
851 1055
852 3738
852 8175
853 2554
853 9595
854 1817
854 5557
855 2576
855 7239
856 9237
856 2503
857 5512
857 2838
858 6455
859 4776
859 9119
860 6753
861 9138
862 3341
862 2095
863 9292
863 1933
864 6454
864 8135
865 1736
865 1366
866 7539
866 2543
867 8732
867 9661
868 5416
868 1365
869 1081
869 8132
870 3923
870 5195
871 3756
871 4622
872 5391
873 2902
873 6215
874 9414
874 1270
875 6145
875 1139
876 6194
876 5062
877 3418
877 9711
878 4642
879 2434
879 9035
880 4946
880 4006
880 9053
880 8014
881 8179
881 1524
882 3825
882 6254
883 2831
884 5801
884 1647
885 7162
885 8026
886 3225
886 8179
887 6170
887 5004
888 6136
888 6648
889 7004
889 5070
890 1828
890 8870
891 8680
891 8461
892 9025
892 3351
893 2834
893 8175
894 8948
894 8054
895 7092
896 2594
896 3526
897 1024
897 6019
898 7312
898 8661
899 7257
899 6188
900 5192
900 8307
901 4256
901 5206
902 6121
902 2687
903 5613
903 2030
904 5761
904 3515
905 2634
906 3811
906 4967
907 3282
907 7558
908 5281
908 9126
909 2290
909 9114
910 7352
910 1260
911 6707
911 8532
912 6980
912 3198
913 6412
913 1351
914 2441
914 5085
915 7680
915 5776
916 6516
916 6630
917 6390
918 4241
919 5571
919 4996
920 2262
921 2034
921 7188
922 2076
922 7719
923 8089
923 8932
924 7032
924 5809
925 3349
926 5211
926 7659
927 5065
927 9599
928 9909
929 9132
929 3159
930 9925
930 1223
931 3193
931 9990
932 1380
932 8157
933 6920
933 3341
934 8322
934 1412
935 8298
935 9892
936 1154
936 8189
937 1530
937 1823
938 2187
938 5692
939 2161
939 4700
940 2098
940 6372
941 5237
941 2366
942 2405
942 9517
943 2289
943 1818
944 6242
944 6629
945 6712
945 1392
946 5821
947 2294
947 2479
948 8922
948 2629
949 1521
949 8583
950 8042
950 1279
951 3097
951 2411
952 5700
952 7285
953 960
953 8161
954 8498
954 3951
955 9913
955 5670
956 8787
956 1895
957 7051
958 5094
958 2839
959 8468
959 1230
960 6274
961 6348
961 2365
962 1089
962 8972
963 7973
963 2926
964 8010
964 8327
965 9562
965 3508
966 2592
966 8427
967 9225
967 3877
968 9120
968 4595
969 7488
969 6021
970 3816
970 2698
971 1706
971 3029
972 1259
972 9287
973 8589
974 6265
974 9117
975 9338
975 8445
976 7777
976 4691
977 3188
977 7109
978 9019
979 5560
979 2185
980 2279
981 3606
981 4167
982 2067
982 8799
983 2616
983 9632
984 5818
984 7283
985 9938
985 5878
986 5756
986 3015
987 6705
988 9321
988 2606
989 5559
990 7635
990 1165
991 6593
991 4797
992 2169
992 8982
993 2729
993 9099
994 2504
994 2205
995 2923
995 5894
996 2131
996 2523
997 3084
997 7660
998 3360
998 3971
999 6420
999 2455
1000 9254
1000 5023
1001 7410
1001 6709
1002 8255
1002 9151
1003 3736
1003 6661
1004 1938
1004 5349
1005 5882
1005 4459
1006 3539
1006 1278
1006 5591
1007 4629
1008 2876
1008 6230
1009 6200
1009 6071
1010 5490
1010 4779
1011 3842
1011 6747
1012 1353
1012 1017
1013 9588
1013 9772
1014 3555
1014 7063
1015 3105
1015 4866
1016 8265
1016 6289
1017 2254
1018 6160
1018 8503
1019 8000
1019 4457
1020 4456
1020 1376
1021 3971
1021 5597
1022 4825
1022 3730
1023 7564
1024 4257
1025 1722
1025 1547
1026 6528
1026 5507
1027 8738
1027 3972
1028 2154
1028 2018
1029 2187
1030 1153
1030 9212
1031 9467
1032 4881
1033 2804
1033 1327
1034 1340
1034 3781
1035 3848
1035 2513
1036 7104
1036 8100
1037 1067
1037 2644
1038 1197
1038 8599
1039 8826
1039 5678
1040 5202
1040 7669
1041 5836
1041 7220
1042 6945
1043 5454
1044 4237
1044 5191
1045 4544
1046 2347
1046 7070
1047 4914
1047 4171
1048 8019
1048 9020
1049 6062
1050 2302
1050 8103
1051 6581
1051 3902
1052 2223
1053 5891
1053 3876
1054 9762
1054 3766
1056 2986
1056 5142
1057 5400
1057 4599
1058 6659
1058 3767
1059 8749
1059 9582
1060 3376
1060 6244
1061 8828
1061 6342
1062 1105
1062 2841
1063 2248
1063 3133
1064 8289
1064 1650
1065 7882
1066 3352
1066 3092
1068 1472
1068 9383
1069 3698
1069 4703
1070 1926
1070 8223
1071 4002
1071 4726
1072 2128
1072 9348
1073 5366
1073 3119
1074 7636
1074 1758
1075 8588
1075 1167
1076 1952
1076 6847
1077 7424
1077 6084
1078 8664
1078 9011
1079 4739
1080 4850
1081 9358
1082 8641
1082 2817
1083 3930
1083 3123
1084 5863
1085 5185
1085 3975
1086 5622
1086 9127
1087 3216
1087 4052
1088 2080
1088 3870
1089 9128
1090 5608
1090 7982
1091 3091
1091 5694
1092 8092
1092 7597
1093 1665
1093 8759
1094 2925
1094 1111
1095 7552
1095 4458
1096 2913
1096 5268
1097 1169
1097 4979
1098 9795
1098 5515
1099 2427
1099 8886
1100 9225
1100 6318
1101 1651
1101 2671
1102 7491
1102 8268
1103 7061
1103 4751
1104 7442
1104 4454
1105 9017
1106 7032
1106 7005
1107 1585
1107 4466
1108 5753
1108 1946
1109 7072
1109 8702
1110 6689
1110 8380
1111 5767
1112 3092
1112 6727
1113 3881
1113 3726
1114 6125
1114 3831
1115 5780
1115 9630
1116 8419
1116 7077
1117 1310
1117 2599
1118 1673
1118 2282
1119 9960
1119 5569
1120 6841
1120 2015
1121 1841
1121 2078
1122 6101
1123 1537
1123 4386
1124 7108
1124 1700
1125 6893
1126 5112
1126 1682
1127 9163
1127 8919
1128 2545
1128 8766
1129 3785
1129 5331
1130 2371
1130 5295
1131 3016
1132 6383
1132 2703
1133 3192
1133 1836
1134 1956
1134 7191
1135 3595
1135 3059
1136 9216
1136 6006
1137 7728
1137 9452
1138 7728
1138 4426
1139 5274
1140 6507
1140 8405
1141 8333
1141 6854
1142 8633
1142 7622
1143 9091
1143 9709
1144 6186
1144 6742
1145 3497
1145 5082
1146 8301
1147 2622
1147 2134
1148 7744
1148 4843
1149 8522
1149 5196
1150 3576
1150 3097
1151 4857
1151 3045
1152 1917
1153 8601
1154 7165
1155 3792
1155 5725
1156 5827
1156 9877
1157 1857
1157 5406
1158 7209
1158 4717
1159 5344
1159 3670
1160 2010
1160 2541
1161 6627
1162 3029
1162 3430
1163 8394
1163 4367
1164 6621
1165 3781
1166 2911
1167 5890
1168 3599
1169 6933
1170 7725
1171 7573
1171 4927
1172 5452
1172 1575
1173 3489
1173 9183
1174 7594
1174 3484
1175 7439
1176 6868
1176 7716
1177 1387
1178 4650
1178 1229
1179 1444
1179 2527
1180 7089
1181 8840
1181 1609
1182 1924
1182 6797
1183 5464
1183 5791
1184 7167
1185 1483
1185 5943
1186 4484
1186 6527
1187 8088
1188 8996
1188 8086
1189 2226
1191 2897
1191 8898
1192 9285
1192 6270
1193 5329
1193 3108
1194 8593
1194 5989
1195 5523
1195 4342
1196 1729
1196 2245
1198 1867
1199 1923
1199 9053
1200 1618
1200 3980
1201 9843
1201 1470
1202 4707
1202 2179
1204 3147
1204 5965
1205 3284
1206 1257
1206 8494
1207 7930
1207 8486
1208 2196
1208 4844
1209 8787
1209 8198
1210 2675
1210 3374
1211 4174
1213 9168
1213 9300
1214 3885
1214 6262
1215 3133
1215 2845
1216 6149
1217 8441
1217 9590
1218 8315
1218 8102
1219 7716
1219 6302
1220 7706
1220 3179
1221 1384
1221 8030
1222 5931
1222 8710
1223 6594
1224 3024
1224 1309
1225 5466
1225 7038
1226 4452
1226 1255
1227 2581
1227 3423
1228 7003
1228 9118
1229 4391
1230 1236
1231 5914
1232 9096
1232 6187
1233 6728
1233 5949
1234 3826
1234 3148
1235 7770
1235 6107
1236 2772
1237 3940
1237 4999
1238 2788
1238 2844
1239 2393
1239 6469
1240 8712
1240 4772
1241 4259
1241 8221
1242 8670
1242 6743
1243 6512
1243 2939
1244 2043
1244 9949
1245 3700
1245 1500
1246 2235
1246 8348
1247 5124
1247 4431
1248 9835
1249 6834
1250 5374
1251 7157
1251 7415
1252 9586
1252 3398
1253 1650
1253 8197
1254 8972
1254 9501
1255 4709
1256 7649
1256 1450
1258 4032
1258 2666
1259 5544
1260 6624
1261 8964
1261 2398
1262 2697
1262 5172
1263 3431
1263 6439
1264 7432
1264 9027
1265 7571
1265 8156
1266 5433
1266 8106
1267 4945
1267 6322
1268 8478
1269 6155
1269 2155
1270 3961
1271 3569
1271 6557
1272 4805
1273 8560
1273 3925
1274 4346
1274 1475
1275 1503
1276 8336
1276 9941
1277 3417
1277 8683
1278 6313
1278 5378
1279 7963
1280 9193
1280 4975
1281 4450
1281 2659
1282 5547
1282 2518
1283 7574
1283 9110
1284 5194
1284 9827
1285 8848
1285 5132
1286 1993
1286 7884
1287 8068
1287 4631
1288 1371
1288 3996
1289 9689
1289 8321
1290 4185
1290 2899
1291 3135
1292 7471
1293 1813
1293 6567
1294 5043
1294 4238
1295 4692
1295 7885
1296 2835
1296 9643
1297 3777
1297 2527
1298 5594
1298 4234
1299 6194
1300 6177
1300 1826
1301 7994
1301 7949
1302 2378
1302 4730
1303 7720
1303 4164
1304 7083
1304 2316
1305 2510
1306 5678
1307 2245
1307 2574
1308 3662
1308 1351
1309 6947
1310 7485
1311 9697
1311 1681
1311 4879
1311 7287
1312 1877
1312 2253
1313 1868
1313 8997
1314 2033
1314 2307
1315 1401
1315 5702
1316 9512
1316 6985
1317 1656
1317 6495
1319 3034
1319 2971
1320 3438
1321 9896
1321 8761
1322 4369
1322 9883
1323 9633
1323 4212
1324 8547
1324 2199
1325 8594
1325 7805
1326 6734
1327 5864
1328 6281
1328 5141
1329 8061
1329 1566
1330 9201
1330 8366
1331 8801
1331 7095
1332 7756
1332 5166
1333 8769
1334 4196
1334 3573
1336 7066
1336 2467
1337 4666
1337 9934
1338 3595
1338 1557
1339 1740
1339 6591
1340 7019
1341 3480
1341 5499
1342 5728
1342 4085
1343 2756
1343 3132
1344 4034
1344 9098
1345 7235
1345 8196
1346 7144
1346 4660
1347 5929
1347 2902
1348 3115
1348 6982
1349 1723
1349 6524
1350 1976
1350 8299
1352 5952
1352 4474
1353 5213
1354 6824
1354 1929
1355 6691
1355 6269
1356 4475
1356 5436
1357 7376
1357 5250
1358 7210
1358 1983
1359 9529
1359 3874
1360 7416
1360 2311
1361 7490
1361 3055
1362 9690
1362 3419
1363 8918
1363 5159
1364 5712
1365 8774
1366 9121
1367 5812
1367 8845
1368 3356
1368 2397
1369 6202
1369 8551
1370 3969
1370 1564
1371 7184
1372 8243
1372 4693
1373 6662
1373 6607
1374 7786
1374 9510
1375 8569
1375 5052
1376 1463
1377 8593
1377 7373
1378 8224
1378 1431
1379 2577
1379 9602
1380 4192
1381 7769
1382 3465
1382 3684
1383 1476
1383 5414
1384 2222
1385 6617
1385 4175
1386 3600
1387 6036
1388 4985
1388 5005
1389 4537
1389 9037
1390 3156
1390 8629
1391 8298
1391 7901
1392 2829
1393 4884
1393 2141
1394 6803
1394 5679
1395 8592
1395 7672
1396 4090
1396 2499
1397 9340
1397 5814
1398 7529
1398 2260
1399 4509
1399 3079
1400 4996
1400 3503
1401 2038
1402 5802
1402 8059
1403 3073
1403 3239
1404 4513
1404 2708
1405 8217
1405 7300
1406 5147
1407 8411
1407 6974
1408 7837
1408 6533
1409 4771
1409 6551
1410 2430
1411 9451
1411 1687
1412 1851
1413 3002
1413 7158
1414 9996
1414 1855
1415 7232
1415 3112
1416 2753
1416 6341
1417 1563
1417 4381
1418 7223
1419 5336
1419 2669
1420 7524
1420 4260
1421 4837
1422 4336
1422 4868
1423 6848
1423 2726
1424 3329
1424 2907
1425 3172
1425 4852
1426 3456
1426 1554
1427 8170
1427 2501
1428 6190
1428 4580
1428 7845
1428 4430
1429 3800
1429 2293
1430 9912
1430 4212
1432 4210
1432 4291
1433 5142
1434 6409
1434 3614
1435 5160
1435 4250
1436 5091
1436 6365
1437 2544
1437 3123
1438 3804
1438 4325
1439 9682
1439 6653
1440 4049
1440 6638
1441 4816
1441 4920
1442 1525
1442 2647
1443 6669
1443 6373
1444 9642
1445 9715
1446 3956
1446 2335
1447 4761
1447 5133
1448 3620
1448 7404
1449 4128
1449 7571
1450 3741
1451 4938
1452 9608
1452 4878
1453 2422
1453 2935
1454 4473
1454 5886
1455 9942
1455 4686
1456 9424
1456 3967
1457 6820
1457 2021
1458 8883
1458 7733
1459 9252
1459 6198
1460 7056
1460 1699
1461 7640
1461 4892
1462 2416
1462 9132
1463 8052
1464 2698
1464 8903
1465 4100
1466 5392
1466 6914
1467 6098
1467 4399
1468 7344
1468 2269
1469 5783
1470 2294
1471 5330
1471 5119
1472 4874
1473 7016
1474 9920
1474 6506
1475 8427
1476 1784
1477 5706
1477 8963
1478 8490
1478 5412
1479 7083
1479 7797
1480 5341
1481 8777
1481 2418
1482 3928
1482 7487
1483 2954
1484 4113
1484 9635
1485 8369
1485 9442
1486 6496
1486 5170
1487 4889
1487 1663
1488 6900
1488 6919
1489 5659
1489 4663
1490 6073
1490 7314
1490 4589
1490 6654
1491 9281
1491 7934
1492 7173
1492 6718
1493 5932
1493 5799
1494 2244
1495 9890
1495 7987
1496 4065
1496 3207
1497 9089
1497 2509
1498 3506
1498 8548
1499 8946
1499 8349
1500 9477
1501 8005
1501 1941
1502 6056
1502 6142
1503 8121
1504 5444
1505 5654
1506 3929
1506 6255
1507 5232
1507 7811
1508 1881
1508 6189
1509 5742
1509 7335
1510 1782
1510 9847
1511 1952
1512 5803
1512 3148
1513 7216
1513 4176
1514 4347
1514 8733
1515 8009
1515 7708
1516 7008
1516 6995
1517 5400
1517 3214
1518 4400
1518 4441
1519 4935
1520 9961
1520 8693
1522 5838
1522 3382
1523 3733
1525 4738
1526 1543
1527 2022
1527 5319
1528 4702
1528 4735
1529 5985
1529 3437
1530 6429
1531 9576
1531 4076
1532 3168
1532 2331
1533 4432
1534 6248
1534 4324
1535 2450
1535 6292
1536 7542
1536 9774
1537 2058
1538 8008
1538 9317
1539 9055
1540 5216
1540 2557
1541 1654
1541 2414
1542 4706
1542 4260
1543 5175
1544 2618
1544 8988
1545 7364
1545 4677
1546 9274
1546 4613
1547 8096
1548 5531
1549 5568
1550 5267
1550 1638
1551 5610
1551 5759
1552 3565
1552 4915
1552 9905
1552 3949
1553 2713
1553 4818
1554 6184
1555 3169
1555 3394
1556 6396
1556 5879
1557 2745
1558 5511
1559 3196
1559 2317
1560 8524
1560 1789
1561 2601
1562 9886
1562 3846
1564 5511
1565 2145
1565 8794
1566 8150
1567 6673
1567 9873
1568 2123
1568 6172
1569 7977
1569 2854
1570 6133
1570 2230
1571 4000
1571 9275
1572 8812
1572 6884
1573 6809
1573 5057
1574 8600
1574 3263
1575 6696
1576 1667
1576 5334
1577 7350
1578 9619
1578 9435
1579 8634
1579 6061
1580 6467
1580 3811
1581 5010
1581 3388
1582 2958
1582 6854
1583 2536
1583 1944
1584 4071
1585 9244
1586 3058
1586 2047
1587 5259
1587 7165
1588 6833
1588 3754
1589 4922
1589 3735
1590 7497
1590 5946
1591 9040
1591 7752
1592 8632
1592 1927
1593 5843
1593 7619
1594 8546
1594 4292
1595 2099
1595 5451
1596 6771
1596 4668
1597 7312
1597 7712
1598 2547
1598 8342
1599 9182
1599 4062
1600 5395
1600 3806
1601 5073
1601 5306
1602 5936
1602 9740
1603 5362
1603 9772
1604 9236
1604 8182
1605 1675
1605 8894
1606 8714
1607 4082
1607 7526
1608 5058
1608 8974
1609 6608
1610 4481
1610 7875
1611 1977
1612 6785
1612 9938
1613 2073
1613 2883
1614 3201
1614 4727
1615 8908
1615 7557
1616 3588
1616 8734
1617 3954
1617 6507
1618 4199
1619 2641
1619 2435
1620 8164
1621 7944
1621 6081
1622 9906
1622 6087
1623 9611
1623 8830
1624 8683
1624 9644
1625 2785
1625 6044
1626 6053
1626 4806
1627 5163
1627 8270
1628 4712
1628 5169
1629 9587
1629 9991
1630 3262
1630 9190
1631 6611
1631 5277
1632 2945
1632 9238
1633 6541
1634 6688
1634 3066
1635 3568
1635 6268
1635 3374
1635 4207
1636 6732
1637 8429
1637 4013
1639 2874
1639 9262
1640 2907
1640 2709
1641 6913
1641 6493
1642 8282
1642 5447
1643 6360
1643 9857
1644 8338
1644 2203
1645 2354
1645 3031
1646 8396
1647 9465
1648 8408
1648 9063
1649 6674
1649 7028
1651 4915
1652 2346
1652 3111
1653 2523
1654 7891
1655 2026
1655 3230
1655 6342
1656 6827
1657 1771
1658 4480
1658 2419
1659 6017
1659 2761
1660 6923
1660 6734
1661 5683
1661 6085
1662 2265
1662 2799
1663 2134
1664 3660
1664 6119
1665 8825
1666 2737
1666 3831
1667 6022
1668 8225
1668 8887
1669 5364
1669 3894
1670 7857
1670 9917
1671 4659
1671 8606
1672 2113
1672 9859
1673 9914
1674 9937
1674 6239
1675 5111
1676 4560
1676 8374
1677 5042
1678 7224
1678 8666
1679 4388
1679 9646
1680 2875
1680 9723
1681 8181
1682 2074
1683 5161
1683 2769
1684 8000
1685 7105
1685 3563
1686 3228
1687 6409
1688 8760
1688 9463
1689 3200
1689 1743
1690 9740
1690 5318
1691 9768
1691 2401
1692 9061
1693 4033
1693 5129
1694 7422
1694 3727
1695 3308
1695 4663
1696 7642
1696 1742
1697 8624
1697 9018
1698 9356
1698 2557
1699 2920
1700 3435
1701 4313
1701 9396
1702 2060
1702 3718
1703 5080
1703 7786
1704 9571
1704 3261
1705 3835
1705 7327
1706 9137
1707 9066
1707 8691
1708 6191
1709 3242
1709 6245
1710 6515
1710 5359
1711 7482
1711 4412
1712 4521
1712 9158
1713 7795
1714 5909
1714 8045
1715 4839
1716 8378
1716 2740
1717 2242
1717 7943
1718 8148
1718 6148
1719 5800
1719 1884
1720 3006
1720 8414
1721 9560
1721 8585
1722 6508
1723 5104
1724 4840
1724 2131
1725 8217
1725 7263
1726 3177
1726 7446
1727 4896
1727 2864
1728 5241
1728 7958
1729 5575
1730 6276
1731 2752
1731 4581
1732 6127
1732 3775
1733 5537
1733 7670
1734 4363
1734 9445
1735 9098
1735 4947
1737 7953
1737 5974
1738 6121
1738 7167
1739 5730
1739 8125
1740 5120
1741 1881
1741 7534
1742 9927
1743 9930
1744 9584
1744 7778
1745 5072
1745 1773
1745 2085
1746 8177
1746 8077
1747 8831
1748 6449
1748 6567
1749 4649
1749 7987
1750 3100
1751 6251
1751 8919
1752 5936
1752 6185
1753 4960
1753 9379
1754 5762
1754 7973
1755 2702
1756 4020
1756 2575
1757 4504
1757 8237
1758 7899
1759 8312
1759 7888
1760 5880
1760 9601
1761 8536
1761 8346
1762 8362
1762 7300
1763 8824
1763 2300
1764 8809
1764 8134
1765 7881
1766 6740
1766 1958
1767 6179
1768 2350
1769 3467
1769 9558
1770 3592
1770 9123
1771 4500
1772 2681
1772 2549
1773 4525
1774 3643
1774 7254
1775 3393
1775 2195
1776 6344
1776 6113
1777 4763
1777 4237
1778 5896
1778 6464
1778 7197
1778 5551
1779 2822
1780 7773
1780 2158
1781 4537
1781 3910
1782 9267
1783 3037
1783 9263
1784 8676
1785 6738
1785 3412
1786 6961
1786 6662
1787 5322
1787 9245
1788 8977
1788 8846
1789 8417
1790 3019
1790 2046
1791 8320
1791 3186
1792 3212
1792 4655
1793 5585
1793 5303
1794 3200
1794 7956
1795 7426
1795 4439
1796 6097
1796 5110
1797 8856
1797 9963
1798 4080
1798 6727
1799 6045
1799 8814
1800 6446
1800 3254
1801 6016
1802 3350
1802 9839
1804 6370
1804 2996
1805 7464
1805 3602
1806 4787
1807 9380
1807 2311
1808 5025
1808 2083
1809 7080
1810 8516
1810 2309
1811 2163
1812 4392
1812 8895
1813 6066
1814 3447
1815 2593
1815 9086
1816 2395
1816 4255
1817 7979
1818 3305
1819 6216
1819 8979
1820 2451
1820 5973
1821 9936
1821 1965
1822 2866
1822 7325
1823 5259
1824 5396
1825 8827
1825 7237
1826 3199
1827 3012
1827 3470
1828 7684
1829 6650
1829 2546
1830 6986
1831 8957
1831 6781
1832 7886
1832 8878
1833 6213
1833 5766
1834 3996
1834 8909
1835 9484
1835 3190
1836 4395
1837 8990
1838 7005
1838 6111
1839 6695
1840 7068
1840 4447
1841 6419
1842 2553
1842 6942
1843 7544
1843 2412
1844 7721
1844 4586
1845 2224
1845 9073
1846 5651
1847 6042
1847 9778
1848 8388
1848 4636
1849 4162
1849 5940
1850 2409
1850 6602
1851 3395
1852 7809
1853 5714
1853 5071
1854 9962
1854 4694
1855 8733
1856 8669
1856 9758
1858 8193
1859 9384
1860 3832
1860 3124
1861 8105
1861 4211
1862 3474
1862 4220
1863 2958
1864 8803
1864 3685
1865 1873
1865 4570
1866 6032
1866 4459
1867 2826
1868 3264
1869 5651
1869 3091
1870 3665
1870 2525
1871 4307
1872 8257
1872 7131
1873 4117
1875 8725
1875 9343
1876 4847
1877 8560
1878 2308
1878 9654
1879 4389
1879 3134
1880 7910
1880 9519
1881 5886
1881 6095
1882 8908
1882 3742
1883 3808
1883 1902
1884 9333
1885 3953
1885 4085
1886 8426
1886 2715
1887 6872
1888 7306
1889 2649
1889 4469
1890 4710
1890 2063
1891 7145
1892 7361
1892 5147
1893 8706
1893 3243
1894 3217
1894 6890
1895 9940
1897 8021
1897 5534
1898 3680
1898 7957
1899 4896
1899 3900
1900 7849
1900 8652
1901 5330
1901 9743
1902 7069
1903 8885
1903 2903
1904 5480
1904 1969
1905 8959
1905 7991
1906 2978
1906 7845
1907 9222
1907 8191
1908 6586
1908 2963
1909 8027
1910 7803
1910 5555
1911 4729
1911 4957
1912 2256
1912 2292
1913 8480
1913 2368
1914 5841
1914 2974
1915 6445
1915 6687
1916 8549
1916 9037
1917 4532
1918 7270
1918 8055
1919 6738
1919 4330
1920 4488
1921 9689
1921 5035
1922 2838
1922 6519
1923 9892
1924 3238
1925 2051
1925 4524
1926 5796
1927 7139
1928 5589
1928 4054
1929 4200
1930 5170
1931 5497
1932 9064
1933 2067
1934 4651
1934 5238
1935 9050
1935 9141
1936 9714
1936 9787
1937 4507
1937 8060
1938 6242
1939 3114
1939 2260
1940 8353
1940 3114
1941 9455
1942 5674
1942 4253
1943 6554
1943 5492
1944 2390
1945 5676
1945 8173
1946 4654
1947 9648
1947 6321
1948 8491
1948 6403
1949 9442
1949 4068
1949 5750
1949 4135
1950 6400
1951 5938
1951 3279
1953 3888
1953 6114
1954 5450
1954 9710
1955 5441
1955 6066
1956 2422
1957 4396
1958 8820
1959 3273
1959 2471
1960 7423
1960 9471
1961 9385
1961 2964
1962 2436
1962 4190
1963 2891
1963 9820
1964 3216
1964 5360
1965 3756
1967 8388
1967 5061
1968 9233
1968 5892
1970 8709
1971 8782
1971 3174
1972 4216
1972 7637
1973 5524
1973 5133
1974 2746
1974 5116
1975 6049
1975 6117
1976 4542
1977 7812
1978 6848
1978 9546
1979 9323
1980 2058
1980 9331
1981 6452
1981 2182
1982 5224
1983 3170
1984 9101
1984 7782
1985 3985
1985 9677
1986 6075
1987 3425
1987 4428
1988 4042
1988 6555
1989 3593
1989 5932
1990 8879
1990 6287
1991 8929
1991 3085
1992 4132
1992 2959
1994 3314
1994 7302
1995 3163
1995 2324
1996 5855
1996 8967
1997 6208
1997 8686
1998 2702
1998 4023
1999 9916
2000 6790
2000 4822
2001 4024
2001 7749
2002 8328
2002 6996
2003 5283
2003 9213
2004 2746
2004 2495
2005 5831
2006 9977
2006 3132
2007 2707
2007 4990
2008 4061
2008 4295
2009 8878
2010 6087
2011 4066
2011 9875
2012 5691
2012 2679
2013 3056
2013 9924
2014 7146
2014 4180
2015 8971
2016 7369
2016 5923
2017 4353
2017 8207
2018 3335
2019 4243
2019 5429
2020 9404
2021 4838
2022 7418
2023 8753
2023 7732
2024 6786
2024 6511
2025 9064
2025 8036
2026 3230
2027 9177
2028 3960
2028 2955
2029 9464
2029 8443
2030 8471
2031 4258
2031 2765
2032 8809
2032 4402
2033 4176
2034 5476
2035 9184
2035 4207
2036 4252
2037 9464
2037 7003
2039 4442
2039 5629
2040 3605
2041 3937
2041 2209
2042 6096
2042 5888
2043 9441
2044 4548
2044 2599
2045 5065
2045 7109
2046 9185
2047 4962
2048 8840
2048 7118
2049 8330
2049 3483
2050 2882
2050 6501
2051 3757
2052 6103
2053 5016
2053 7877
2054 3627
2054 5867
2055 5755
2055 8087
2056 2516
2056 3325
2057 8824
2059 2595
2060 4094
2061 8890
2061 7595
2062 4977
2062 4981
2063 6147
2064 9550
2065 6577
2065 3079
2066 5747
2066 4670
2068 6492
2068 3495
2069 2728
2069 7784
2070 5505
2071 3073
2072 8924
2072 5020
2073 6379
2074 3145
2075 5713
2075 2578
2077 9296
2077 6775
2078 7784
2079 9521
2079 4898
2080 2200
2081 6890
2081 3390
2082 2349
2082 8815
2083 9287
2084 4658
2084 4340
2085 7798
2086 4017
2086 6449
2087 8978
2088 6912
2088 8385
2089 9822
2089 9487
2090 8618
2090 7182
2091 6728
2092 4817
2092 3508
2093 8850
2093 7332
2094 4019
2094 4990
2096 8550
2097 9056
2097 6271
2098 5785
2099 7285
2100 6222
2101 4252
2101 2388
2102 4018
2103 3048
2103 2663
2104 3697
2104 9459
2105 3843
2105 2211
2106 4516
2106 2878
2107 7794
2107 3669
2108 5424
2108 3625
2109 6356
2109 7711
2110 2304
2110 2534
2111 6221
2112 5454
2112 2519
2113 6359
2114 9101
2114 6086
2115 5950
2115 9511
2116 8914
2116 8903
2117 6217
2117 4089
2118 4424
2118 5119
2119 9749
2120 2594
2120 6917
2121 6228
2121 4903
2122 3499
2122 4022
2123 6323
2124 8017
2124 8420
2125 7896
2125 8640
2126 5464
2126 2555
2127 9452
2128 6450
2129 6505
2129 4025
2130 3084
2130 3487
2132 9968
2132 4825
2133 5625
2133 7714
2136 7377
2136 6853
2137 8256
2137 4282
2138 5155
2138 3735
2139 5737
2140 3347
2140 9347
2141 7371
2142 4928
2142 4156
2143 3128
2143 3149
2144 4707
2144 5765
2145 7704
2146 9049
2146 4022
2147 7514
2147 7355
2148 8562
2148 7054
2149 3963
2149 8667
2150 2312
2151 7139
2151 6742
2152 4435
2152 9780
2153 3008
2153 8747
2154 6486
2155 5986
2156 5138
2156 5310
2157 9673
2157 9599
2158 6629
2159 8827
2160 7928
2161 5009
2162 3722
2164 5441
2164 8745
2165 4752
2165 4692
2166 7995
2166 9380
2167 6132
2167 6807
2168 5536
2168 7328
2169 4186
2170 7739
2170 8078
2171 6059
2171 7334
2172 7613
2173 5193
2173 7709
2174 4745
2174 8117
2175 2598
2175 9678
2176 5093
2176 5830
2177 5121
2177 8612
2178 2716
2178 5407
2179 4900
2180 5494
2180 8703
2181 3944
2181 9309
2182 4309
2183 7657
2183 5251
2184 8483
2184 9124
2185 4161
2186 4141
2188 3354
2188 8714
2189 4912
2189 7324
2190 3257
2190 3898
2191 5323
2191 8701
2192 8572
2192 8334
2194 9013
2194 7431
2196 8133
2197 3309
2197 8791
2198 6912
2198 8948
2199 5576
2199 7521
2199 2367
2200 7199
2201 5696
2201 5226
2202 6281
2202 9274
2203 9946
2204 3864
2205 3717
2207 9994
2207 7971
2208 2357
2209 6336
2210 2946
2211 4041
2212 8403
2212 7319
2213 3120
2213 5596
2214 3518
2215 5024
2215 6227
2216 5101
2216 2910
2217 3403
2217 3468
2218 7114
2218 6811
2219 9231
2220 3296
2220 2442
2221 7545
2221 9169
2223 8199
2224 2792
2225 9320
2225 2337
2226 3818
2227 2851
2227 9635
2228 3417
2229 8820
2229 3677
2230 9054
2231 6858
2231 3014
2232 6714
2232 8847
2233 8690
2233 8235
2234 7291
2234 9540
2235 4726
2236 4378
2236 3676
2237 5584
2237 8137
2238 3991
2238 8935
2239 3730
2239 5243
2240 8275
2241 4591
2243 9531
2244 9559
2246 5546
2246 7157
2247 8528
2247 6021
2249 8706
2249 4959
2250 9561
2250 5933
2251 9728
2251 5080
2252 3428
2252 9439
2253 4910
2255 2712
2255 6005
2256 9747
2257 2496
2257 5964
2258 3258
2258 9205
2259 9921
2259 5182
2261 4803
2261 8007
2262 9651
2263 9236
2264 6120
2264 8698
2266 8272
2266 5686
2267 4956
2267 5951
2268 9834
2268 2572
2269 5127
2270 7384
2270 5409
2271 2937
2271 9012
2272 8658
2272 7748
2273 3594
2273 4580
2274 5457
2274 2738
2275 3666
2275 9283
2276 7413
2276 2598
2277 4016
2277 2657
2278 9988
2278 7623
2279 8146
2280 9762
2280 7692
2281 5070
2281 2750
2282 6216
2283 6226
2283 5755
2284 6739
2285 7286
2286 9821
2286 3823
2287 2481
2287 3849
2288 7876
2288 6007
2289 6906
2290 2488
2291 8219
2291 4197
2292 8537
2293 3576
2295 5419
2295 8526
2296 8346
2296 9059
2297 7715
2298 4179
2298 6724
2299 2538
2299 2365
2300 3076
2300 9573
2300 5510
2301 3491
2302 8268
2303 5907
2303 5286
2305 5032
2305 4214
2306 4065
2306 2826
2307 8789
2308 3425
2310 3706
2312 5712
2313 3922
2313 8126
2314 6989
2314 6870
2315 2341
2315 8653
2318 7605
2318 2694
2319 8487
2320 4126
2321 7965
2321 8862
2322 8031
2323 7409
2323 8398
2324 7136
2325 5883
2325 4359
2326 2749
2326 4205
2327 7169
2328 2952
2329 6571
2330 4268
2331 8284
2332 4249
2332 2345
2333 4305
2333 6918
2334 7072
2334 9355
2335 4547
2335 9837
2335 5855
2336 5158
2336 9639
2337 5524
2338 3950
2339 5527
2339 8127
2340 6976
2340 7152
2341 9421
2342 8992
2342 2884
2343 5672
2343 5711
2344 6613
2344 8142
2345 9290
2346 6360
2347 8956
2348 9217
2348 2676
2349 7533
2350 3467
2351 6233
2351 3342
2352 4891
2353 4490
2353 9621
2354 5134
2355 4913
2355 3411
2356 6504
2356 6294
2357 7325
2358 7569
2359 4506
2359 9446
2360 3176
2360 5404
2361 9221
2361 7678
2362 4594
2362 6524
2363 8937
2363 6706
2364 5914
2366 8166
2367 9625
2368 8078
2369 5933
2369 3591
2370 3198
2370 9790
2371 7460
2372 8226
2373 6588
2373 6269
2374 4419
2375 6867
2375 8469
2376 9642
2376 8187
2377 6280
2377 3577
2378 3156
2379 7120
2380 4900
2380 7766
2381 5840
2381 7043
2382 4130
2382 5205
2383 9056
2383 9771
2384 5449
2384 8459
2385 9417
2385 7978
2386 9594
2386 6579
2387 4637
2388 2421
2389 7316
2389 7710
2390 4421
2391 8674
2392 9954
2392 3767
2393 5386
2393 6475
2393 9965
2394 8848
2394 9394
2395 4092
2396 4326
2396 7159
2397 5971
2398 3537
2400 9923
2400 7893
2401 7640
2402 2889
2402 5653
2403 4634
2403 5877
2404 5434
2404 9959
2405 7013
2406 9697
2406 3571
2407 3630
2407 7470
2408 6347
2408 5334
2409 3089
2410 5307
2410 8020
2411 7221
2412 8286
2413 6235
2413 7839
2414 7451
2415 6793
2415 6838
2416 5484
2417 3886
2417 3991
2418 5789
2419 6379
2420 8186
2420 8230
2421 9954
2423 9344
2423 8525
2424 6074
2424 9845
2425 8628
2425 8039
2426 4268
2426 6396
2427 9297
2428 9792
2428 3175
2429 8021
2429 3485
2430 4796
2431 8869
2431 7135
2432 6494
2432 3902
2433 9738
2433 3557
2434 8315
2435 7501
2436 6935
2437 8162
2439 7006
2439 9783
2440 6792
2440 5090
2442 7424
2443 8389
2443 7357
2444 4104
2444 6313
2445 9693
2446 8928
2446 5385
2447 5608
2447 8457
2448 7844
2448 5823
2449 7985
2449 7559
2450 4170
2451 6595
2452 2504
2452 6678
2453 9956
2453 9463
2454 3520
2454 9636
2455 9038
2456 3386
2456 7654
2457 2496
2457 6954
2459 6010
2459 7676
2460 4455
2461 7768
2461 6777
2462 4209
2462 8807
2463 9105
2464 9396
2464 4271
2465 9754
2465 6461
2466 9120
2467 4737
2468 3714
2468 9741
2469 6138
2469 5645
2470 8529
2470 2931
2471 7436
2472 2774
2472 3591
2473 5373
2474 4880
2474 5683
2475 7320
2475 2611
2476 2548
2476 5911
2477 9328
2477 7437
2478 8570
2478 6764
2479 8178
2480 3778
2480 5332
2481 7790
2482 9144
2482 8979
2483 4066
2483 8111
2484 3721
2484 5901
2485 4057
2485 7772
2486 5126
2487 8754
2487 6077
2488 6435
2489 7122
2489 2806
2490 3888
2490 6229
2491 8520
2491 6399
2492 2664
2493 3784
2493 7807
2494 9736
2494 8554
2495 9530
2497 6873
2497 8609
2498 5576
2498 9196
2499 4227
2500 8467
2500 8573
2501 7993
2502 4357
2502 5885
2503 8294
2505 8921
2505 3263
2506 5636
2506 4598
2507 9033
2507 4589
2508 3154
2508 9523
2509 5302
2510 7523
2511 4235
2512 4192
2512 9321
2513 9569
2514 5139
2515 2992
2515 8574
2516 4379
2517 2529
2517 4378
2519 5716
2520 4995
2520 3309
2521 8836
2521 4239
2522 5954
2522 2614
2524 9075
2524 7204
2525 3402
2526 2650
2526 4371
2528 3701
2528 5517
2529 7011
2530 8337
2530 3653
2531 5432
2531 9737
2532 3261
2532 9007
2533 6634
2533 7524
2534 8317
2535 8582
2536 9966
2537 7776
2537 7295
2538 3906
2539 6512
2539 8813
2540 3675
2540 5757
2541 5017
2542 4336
2542 8664
2543 4006
2544 6570
2547 9763
2548 7313
2549 3429
2550 2552
2550 5181
2551 8129
2551 9095
2552 8460
2554 4462
2555 7098
2556 5619
2556 6247
2558 4028
2558 3311
2559 3808
2559 6339
2560 3409
2560 8989
2561 8091
2561 6285
2562 6866
2562 9884
2563 7289
2563 5006
2564 7948
2564 4415
2565 8962
2565 5364
2566 6050
2566 8372
2567 6842
2567 8586
2568 6546
2568 6751
2569 5939
2570 9756
2570 9125
2571 6755
2571 4493
2572 9765
2573 6718
2573 9647
2574 7259
2575 3212
2576 5344
2577 9983
2578 3292
2580 6093
2580 9823
2582 5226
2582 6932
2583 7176
2583 5117
2584 9179
2584 4596
2585 7705
2585 3716
2586 4297
2587 9485
2588 3807
2589 3136
2589 5578
2590 3672
2590 5605
2591 9952
2591 9698
2592 6508
2593 8160
2595 6124
2596 6857
2596 4695
2597 4152
2597 3662
2600 7041
2600 8326
2601 9652
2602 9011
2602 4351
2603 9947
2603 7885
2604 8468
2604 5639
2605 4613
2605 9310
2606 5729
2607 3368
2607 5076
2608 5953
2608 9887
2609 4453
2610 5323
2610 7268
2611 8679
2612 7440
2612 8939
2613 9571
2613 8790
2614 9842
2615 8260
2616 4311
2617 7610
2618 9276
2619 5824
2619 7301
2620 2624
2620 7029
2621 9941
2621 9854
2622 4058
2623 9625
2623 7925
2624 7858
2625 5267
2625 2719
2626 6682
2627 4196
2627 6302
2628 3472
2628 9092
2629 2748
2630 5402
2630 9195
2631 3171
2631 7556
2632 8289
2633 8290
2634 4118
2635 5930
2635 2930
2636 5145
2636 5836
2637 5393
2637 3426
2638 8844
2638 8742
2639 9629
2639 4902
2640 3433
2640 9469
2641 7237
2642 6211
2642 6429
2643 7545
2644 7629
2645 9650
2646 3578
2646 3764
2647 9333
2648 9288
2648 9707
2649 2739
2650 8717
2651 9368
2651 5362
2652 3251
2652 2861
2653 4873
2653 5459
2654 3523
2654 6151
2655 7578
2655 6231
2656 2921
2656 3381
2657 5778
2658 7693
2658 6317
2659 5182
2660 8152
2660 5572
2661 8836
2662 8084
2662 6918
2663 4164
2664 9669
2665 3209
2665 8675
2666 2869
2667 5685
2667 3461
2668 7225
2668 4519
2669 7572
2670 8897
2670 5580
2671 5394
2672 3434
2672 9483
2673 8785
2673 4114
2674 4059
2674 3295
2675 9314
2676 5531
2677 3873
2677 9258
2678 5834
2678 8477
2679 9873
2680 6329
2680 3101
2681 8637
2682 7405
2682 2989
2683 5808
2683 3415
2684 6850
2684 6260
2685 3082
2686 7099
2687 8961
2688 6992
2688 6434
2689 3994
2689 9212
2690 7799
2690 9135
2691 6057
2691 3243
2692 6517
2692 7989
2693 8737
2693 4963
2694 8904
2695 8767
2695 5975
2696 8434
2696 9813
2697 7273
2699 3280
2699 8869
2700 8771
2700 9415
2701 4776
2701 3086
2703 6648
2704 5507
2704 5293
2705 5884
2706 3945
2706 3937
2707 2863
2708 4338
2708 6555
2708 2973
2710 6385
2710 5655
2711 2730
2711 8444
2712 5603
2713 8176
2714 4809
2714 3077
2715 8866
2716 3312
2717 8912
2717 7782
2718 5149
2719 4429
2720 3600
2720 5453
2721 5612
2721 4070
2722 3562
2722 5935
2723 7688
2723 5843
2724 9797
2725 7698
2725 7670
2726 6844
2727 8014
2727 6446
2728 4522
2729 5610
2730 6240
2731 9090
2731 7931
2732 5024
2732 6825
2733 4472
2733 9063
2734 3516
2734 4527
2735 8552
2735 9508
2736 5306
2737 7038
2740 6042
2741 2960
2741 4854
2742 3260
2742 8645
2744 6219
2745 9891
2747 9717
2747 7821
2748 8445
2749 4112
2750 9666
2751 8668
2751 9807
2752 5020
2754 6601
2754 9987
2755 7657
2755 3271
2756 4264
2757 8505
2757 8578
2758 4052
2759 8832
2759 9853
2760 5543
2761 7434
2762 8550
2762 3862
2763 8283
2763 7012
2764 3618
2764 9893
2765 9418
2766 4965
2766 5493
2767 5818
2768 5477
2768 5335
2769 7492
2770 9460
2771 7638
2771 8110
2772 9953
2773 7491
2773 4502
2774 8358
2775 5545
2775 8930
2776 8353
2777 5156
2777 4622
2778 5331
2779 6749
2779 9455
2780 6458
2780 6927
2781 9170
2781 7196
2782 8205
2782 5646
2783 3546
2783 2957
2784 6023
2785 7048
2786 9130
2786 8743
2787 4890
2787 6787
2788 3771
2789 8176
2789 8591
2790 4970
2790 3748
2791 4185
2791 9370
2792 9219
2793 5395
2794 3456
2794 6301
2795 9851
2795 5092
2796 7365
2796 3183
2797 4664
2797 5825
2798 7232
2799 7367
2800 9238
2800 3407
2801 6417
2801 6139
2802 9306
2802 4142
2803 8428
2803 8684
2804 7983
2805 6820
2805 8302
2806 9451
2807 9808
2807 7861
2808 3147
2809 7252
2809 3271
2810 8849
2810 3612
2811 6040
2811 2842
2812 3729
2813 6099
2813 5958
2815 5906
2815 3998
2816 7187
2816 5011
2817 9459
2818 9982
2819 9849
2819 5141
2820 6142
2820 7359
2821 4365
2823 4394
2823 9206
2824 6034
2824 9189
2825 4443
2827 5857
2827 7389
2828 3450
2828 7180
2829 3679
2830 6283
2830 5091
2831 5501
2832 9097
2832 3074
2832 2901
2832 6727
2833 7761
2834 3689
2835 9220
2836 8292
2836 7287
2837 7940
2837 8149
2839 7761
2840 4381
2840 6773
2842 3642
2843 7311
2844 4798
2845 8469
2846 8607
2847 4081
2847 8561
2848 7128
2848 8058
2849 7308
2850 6237
2850 4029
2851 9363
2852 3934
2852 3463
2853 3995
2853 9549
2854 5698
2855 7551
2855 5479
2856 9187
2856 5590
2857 6993
2857 9634
2858 7473
2858 5301
2859 3035
2860 5089
2861 5916
2862 8425
2864 9390
2865 4345
2865 7507
2866 6559
2867 9337
2867 7174
2868 8642
2868 3789
2869 9879
2870 9191
2870 8759
2870 3054
2870 8519
2871 9737
2871 9623
2872 8121
2872 3745
2873 9657
2873 4095
2874 7063
2875 3891
2877 3639
2878 8314
2879 6339
2879 4757
2880 4553
2880 7179
2881 7760
2881 8669
2882 8925
2883 9741
2884 5869
2885 8344
2886 7148
2887 8470
2887 3039
2888 7577
2888 7177
2889 8909
2890 9342
2890 7831
2892 9378
2893 8968
2893 8456
2894 3421
2894 5415
2895 3621
2895 4991
2896 9868
2896 8053
2897 6152
2898 8800
2898 4814
2899 8566
2900 7238
2900 3598
2901 7706
2903 8861
2904 3185
2904 3187
2905 4456
2905 5862
2906 3624
2906 4871
2908 9850
2909 7017
2909 3181
2910 7798
2912 9401
2912 8106
2913 9448
2914 8643
2915 6905
2915 4094
2916 8461
2916 9246
2917 8080
2918 6960
2918 5550
2919 8322
2921 3307
2922 5730
2922 5262
2923 4954
2924 5051
2925 4931
2926 6464
2927 3441
2928 4472
2928 3047
2929 6090
2929 9155
2930 4215
2931 5688
2932 7472
2932 5421
2933 4530
2933 7755
2934 3506
2934 8971
2935 6220
2936 6026
2936 7438
2937 5033
2939 6589
2940 6273
2940 5515
2941 9446
2941 9735
2942 4688
2942 6715
2942 4643
2942 9731
2943 5685
2943 6805
2944 7746
2944 7843
2945 8772
2946 7103
2947 5766
2947 6487
2948 3281
2948 6004
2949 9160
2950 6466
2950 7419
2951 3720
2951 8347
2952 6902
2953 3829
2953 9502
2954 5297
2956 9865
2956 8123
2959 4868
2960 6941
2961 7449
2961 5430
2962 7604
2962 3110
2964 5263
2965 4298
2966 7403
2966 5214
2967 9084
2967 6348
2968 3824
2968 7863
2969 7001
2969 7876
2970 8401
2970 4019
2971 5210
2972 4688
2972 3949
2973 7194
2973 4338
2974 6779
2975 4584
2976 6247
2976 9303
2977 7331
2977 3501
2978 4278
2979 6609
2979 6353
2980 7537
2980 7788
2981 4059
2981 7751
2982 4393
2982 7791
2983 8905
2983 6935
2984 3241
2984 8138
2985 6784
2985 5842
2987 7076
2987 8430
2988 8747
2988 6307
2990 7440
2990 7822
2991 6776
2992 6261
2993 9578
2993 4406
2994 7208
2994 3179
2995 6859
2995 3957
2996 5611
2997 6376
2997 7971
2998 4441
2998 4741
2999 6109
2999 5199
3000 8897
3000 6695
3001 5105
3001 4258
3002 6499
3003 6236
3003 5798
3004 3161
3004 5151
3005 7147
3005 6275
3006 5138
3006 5812
3006 8845
3007 4864
3008 4583
3009 3340
3009 6653
3010 6097
3011 4370
3011 9359
3012 9127
3013 4049
3013 7037
3014 9764
3015 6319
3016 3601
3017 7171
3017 9759
3018 9204
3018 9399
3019 9367
3020 3057
3020 9827
3021 9405
3021 5046
3022 6425
3022 4172
3023 8448
3023 8613
3024 7999
3025 6093
3025 5871
3026 4916
3026 8965
3027 7537
3027 9067
3028 7191
3028 9103
3030 3225
3030 9220
3031 5295
3032 9214
3032 7031
3033 9957
3033 3901
3034 4854
3035 8804
3036 5576
3036 3313
3037 3339
3038 3530
3038 7206
3039 8988
3040 5834
3040 3891
3041 7321
3041 7051
3042 9073
3043 4184
3043 7067
3044 5600
3044 9402
3045 6419
3046 8303
3047 6920
3048 8770
3049 5264
3049 6587
3050 5699
3050 5726
3051 4998
3051 6167
3052 5321
3052 8498
3053 3635
3053 6651
3054 9302
3055 8594
3056 7097
3057 5099
3058 9065
3059 8982
3060 7651
3060 3475
3061 9161
3061 9731
3062 4773
3062 9863
3063 4644
3063 7789
3064 6469
3064 8447
3065 9124
3066 5006
3067 8958
3068 5850
3068 8627
3069 6681
3069 3338
3070 7955
3070 7367
3071 8392
3071 3486
3072 7794
3074 4166
3075 4818
3075 5261
3076 7941
3078 4899
3080 6425
3080 5298
3081 7780
3081 7684
3082 8221
3083 7226
3083 5411
3085 7552
3086 7620
3087 8066
3087 9039
3088 5753
3088 8757
3089 6929
3090 9982
3090 5382
3093 4883
3094 3905
3094 4717
3095 6200
3095 6141
3096 6561
3096 9223
3098 4473
3098 5554
3099 7813
3099 9046
3100 6892
3101 5195
3102 5090
3102 4215
3103 8155
3104 6993
3104 8506
3105 5567
3106 7240
3106 5538
3107 7211
3107 6030
3108 8274
3109 6721
3109 6953
3110 4131
3111 5670
3112 9191
3113 7355
3115 5665
3116 4673
3116 8453
3117 4233
3117 3855
3118 7064
3118 7497
3119 9744
3120 6480
3121 9509
3121 4263
3122 3579
3124 4777
3125 5239
3126 3834
3126 3131
3127 8722
3127 7245
3128 5978
3129 7384
3129 5404
3130 9624
3134 5326
3135 9427
3136 3143
3137 7410
3137 5660
3138 9872
3138 6497
3139 8671
3139 9159
3140 3155
3141 8561
3141 8453
3142 6004
3142 6253
3144 4822
3144 9623
3145 7506
3146 8785
3146 7217
3149 6424
3150 4738
3150 3819
3151 4317
3151 3879
3152 5365
3153 5889
3153 4546
3155 7515
3157 4177
3157 7151
3158 7442
3158 5754
3159 3535
3160 9024
3160 4881
3162 8288
3162 7261
3163 6878
3164 9456
3164 9699
3164 9627
3164 5414
3165 7538
3165 5276
3166 4314
3166 6782
3167 9481
3167 5588
3168 4861
3169 7398
3170 7793
3171 5211
3172 5062
3173 5793
3173 5975
3174 3581
3175 7054
3176 3209
3177 5060
3178 3472
3178 5175
3180 7459
3181 6896
3182 6826
3182 7647
3183 4539
3184 5931
3184 9195
3185 6395
3186 6299
3187 5335
3188 5188
3189 5249
3189 7851
3190 9704
3191 3322
3191 5004
3191 5271
3192 4163
3193 4823
3194 4018
3195 7284
3195 6535
3196 6708
3197 9146
3197 8485
3199 5377
3202 8736
3202 4773
3203 4093
3203 9742
3204 7586
3204 8644
3205 4667
3205 4109
3206 7247
3207 8487
3208 9136
3208 4606
3210 8898
3210 3462
3211 3352
3211 3423
3213 3622
3214 5047
3215 5315
3217 9318
3218 7336
3218 8318
3219 4745
3219 9115
3220 7736
3220 5463
3221 7972
3222 9240
3222 7873
3223 7257
3223 6577
3224 4611
3226 6491
3227 3313
3227 4747
3228 7387
3229 8821
3230 6831
3230 7655
3231 5258
3231 7101
3232 6793
3232 9535
3233 7989
3233 5399
3234 3755
3235 4754
3236 3462
3236 5700
3236 4574
3236 9822
3237 3926
3237 5767
3238 8280
3239 8665
3240 7532
3240 8348
3241 5428
3242 4158
3244 9136
3244 9216
3245 9723
3245 5164
3246 3355
3246 8324
3247 6953
3247 4863
3248 3361
3248 4565
3249 4741
3249 7895
3250 8579
3250 6027
3251 8042
3252 3522
3252 4723
3253 6320
3253 9284
3254 8938
3255 6436
3255 5061
3256 8796
3257 6226
3258 9169
3259 8451
3259 8303
3260 9978
3262 8431
3264 8234
3265 4120
3265 6570
3266 4081
3266 8739
3267 4273
3267 3749
3268 9802
3268 8294
3269 4985
3269 5367
3270 7106
3270 5812
3272 4134
3273 9497
3274 8497
3274 6363
3275 7148
3275 7639
3276 8906
3276 5718
3277 6260
3278 8985
3278 7985
3279 5486
3280 7349
3281 3726
3282 9618
3283 8200
3283 3892
3284 5770
3285 4074
3285 6900
3286 7309
3287 7336
3287 5327
3288 5232
3288 8383
3289 7904
3289 3983
3290 7093
3291 4080
3291 6338
3292 6600
3293 4625
3293 7019
3294 4017
3294 5764
3295 6987
3296 5478
3298 3494
3299 5500
3299 6485
3300 9408
3300 5910
3301 7233
3301 8116
3302 9713
3302 8364
3303 3449
3303 4002
3304 6800
3304 4198
3305 5792
3306 4280
3306 9264
3307 9981
3308 4264
3310 5962
3310 4084
3311 4152
3312 9194
3314 7467
3315 4418
3315 5436
3316 4820
3316 5031
3317 6076
3318 6704
3318 5358
3319 3424
3320 3530
3321 9769
3322 5378
3323 9329
3323 7498
3324 7034
3324 7004
3325 9768
3326 8821
3326 3805
3327 8130
3327 6661
3328 8402
3329 7486
3330 8697
3330 5458
3330 8141
3330 4247
3331 4531
3331 8542
3332 6676
3333 5088
3333 9350
3334 6291
3336 9278
3336 4231
3338 4639
3339 3348
3340 4733
3342 8558
3343 9904
3343 5149
3344 8058
3344 9247
3345 8309
3345 5078
3346 4508
3346 7350
3347 6843
3348 8378
3349 9710
3350 7362
3351 6913
3353 8297
3353 6642
3354 7116
3355 8621
3356 6170
3357 9392
3357 4666
3358 9665
3358 6787
3359 6336
3359 3878
3361 6201
3362 8642
3362 5238
3363 8588
3363 5397
3364 3688
3364 7907
3365 3715
3365 5095
3366 9813
3366 3383
3367 9617
3367 5549
3368 6686
3369 5998
3369 9087
3370 7386
3370 7549
3371 9909
3372 8499
3373 7776
3373 7860
3373 6784
3373 5359
3374 6268
3374 5422
3375 5298
3375 9522
3376 6447
3377 5684
3377 5279
3378 6814
3379 6354
3380 5320
3380 3893
3381 7541
3382 4182
3382 9986
3384 6987
3384 3821
3385 8435
3385 4924
3386 7757
3387 6385
3387 8618
3388 6197
3389 5282
3391 9432
3391 6628
3392 5696
3392 3941
3393 8523
3394 4753
3395 7556
3396 9426
3396 9773
3397 5620
3397 3612
3398 4448
3399 9280
3399 8613
3400 5249
3400 7733
3401 6448
3401 3531
3402 8762
3403 6327
3404 9913
3404 4485
3405 9256
3405 7267
3406 7226
3406 6739
3407 5777
3408 8432
3408 5533
3410 7344
3411 8438
3412 6876
3413 7947
3413 7725
3414 8308
3414 6085
3415 6217
3416 4953
3419 8110
3420 3776
3420 7138
3421 9939
3422 8457
3422 9222
3424 9656
3426 5131
3427 7132
3427 5918
3428 6776
3429 9729
3430 7500
3431 6215
3432 4731
3433 4035
3434 9158
3435 9899
3436 8960
3436 5598
3439 7178
3439 6533
3440 5212
3440 8772
3441 5822
3442 9414
3443 9826
3444 4597
3444 4533
3445 8439
3446 7318
3447 7703
3448 7980
3449 9742
3450 9760
3451 4987
3451 4004
3452 5508
3452 8421
3453 7146
3453 5819
3453 7372
3453 9381
3454 8426
3454 5299
3455 6712
3455 3525
3457 9150
3457 5407
3458 6059
3459 6642
3459 8716
3460 7374
3460 7751
3461 4126
3462 6404
3462 5700
3463 7662
3464 8376
3465 4789
3466 6866
3466 6915
3468 7234
3469 5722
3469 6939
3471 7877
3471 8637
3473 5022
3473 8119
3475 3699
3476 7825
3476 3779
3477 7780
3477 9076
3478 6844
3478 5927
3479 7505
3479 6671
3480 9376
3481 7763
3481 8899
3482 7066
3482 9398
3484 6721
3487 4619
3488 7155
3488 3847
3489 3632
3490 6605
3490 5078
3491 4313
3492 8900
3493 8321
3493 7206
3495 9152
3496 9898
3496 4749
3497 7186
3498 4968
3498 6607
3499 3817
3500 6934
3500 4447
3501 5278
3502 4438
3502 7702
3503 7294
3504 5041
3504 6164
3505 4608
3505 5960
3507 7914
3509 9497
3509 9579
3510 7836
3511 4811
3511 3740
3512 5672
3512 6140
3513 9899
3513 7447
3514 6576
3514 8410
3515 5854
3516 6473
3517 6113
3518 8584
3519 5970
3519 6645
3520 4368
3521 7868
3522 6598
3523 6520
3524 7890
3524 6250
3525 3813
3526 5207
3527 4125
3527 9943
3528 3664
3528 6724
3529 4320
3529 9699
3531 4014
3532 9898
3532 6887
3533 4181
3533 6095
3534 9690
3534 3565
3535 4894
3536 4538
3536 7010
3537 8628
3537 7941
3537 3695
3538 7624
3538 6581
3539 9223
3540 7739
3540 8404
3541 8371
3542 5985
3542 3853
3543 7057
3543 7518
3544 6153
3544 5707
3545 8720
3545 8816
3546 5771
3547 4129
3547 4543
3548 5001
3548 4905
3549 5984
3549 5223
3550 6207
3551 4905
3551 5686
3552 5939
3552 8812
3553 5873
3554 6055
3554 9247
3555 9083
3556 9097
3556 4165
3557 7856
3558 8633
3559 9361
3559 6375
3560 6210
3561 8152
3561 7338
3562 8196
3563 6917
3564 3881
3564 5996
3566 6835
3566 7837
3567 6426
3567 6373
3568 7855
3570 8081
3570 5821
3572 5460
3572 8526
3574 5465
3574 7460
3575 8549
3577 8846
3578 4886
3579 6431
3580 8163
3580 7966
3581 5386
3582 7690
3582 3764
3583 9553
3583 4628
3584 5475
3584 8422
3585 8301
3585 9711
3586 7303
3587 6673
3587 7011
3588 8838
3589 4681
3589 5314
3590 8976
3590 4939
3592 9184
3593 8097
3594 8404
3596 5625
3598 5941
3599 8195
3602 7420
3603 9555
3603 7894
3604 7396
3604 5645
3605 3982
3606 7646
3607 6623
3608 5113
3608 8524
3609 6254
3609 9343
3610 5214
3610 5447
3611 8627
3611 4046
3613 4701
3613 5631
3615 8237
3615 6270
3616 8710
3616 5583
3617 5161
3617 4941
3618 5291
3619 4274
3619 4287
3620 7296
3622 4756
3623 8496
3623 7455
3624 3656
3625 4151
3626 4784
3626 5560
3627 5947
3628 5354
3628 8615
3629 3970
3629 6493
3630 4568
3631 7968
3631 9421
3632 9498
3633 7921
3633 8749
3634 5874
3635 5657
3636 8784
3636 7755
3637 6316
3637 9108
3639 5535
3640 9721
3640 7166
3641 8985
3641 3814
3642 4433
3643 9146
3644 5002
3644 8343
3645 6580
3645 4943
3646 9336
3646 9476
3647 5772
3648 6178
3648 7266
3649 8233
3649 4631
3650 4810
3650 5228
3651 5979
3651 5846
3652 5929
3652 8252
3653 5868
3654 9003
3654 5246
3655 6690
3655 5518
3656 8329
3657 7792
3658 7500
3659 6459
3659 9804
3660 7452
3661 6972
3661 5519
3663 4595
3663 8980
3664 7409
3665 9955
3666 7311
3667 5275
3668 9131
3668 4894
3669 5666
3670 9757
3671 8360
3671 4754
3672 6362
3673 9352
3673 9006
3674 6432
3674 5495
3676 8956
3677 5034
3678 5750
3678 4815
3679 9454
3680 9975
3681 5506
3681 7503
3682 7616
3682 8138
3683 8360
3683 8207
3684 3794
3685 8542
3686 4795
3686 8076
3687 9024
3687 6902
3688 5297
3689 7154
3690 6898
3690 5637
3691 3837
3691 9847
3692 6219
3692 9110
3693 6539
3693 8942
3694 6590
3695 8628
3695 8094
3695 8327
3696 8002
3696 4774
3698 3719
3699 7804
3700 9664
3701 5332
3702 6552
3703 6674
3703 8867
3704 7628
3704 6204
3705 9472
3706 5205
3707 4938
3707 3710
3709 6056
3709 5857
3710 9389
3711 6205
3712 6155
3712 9644
3713 9270
3713 9799
3714 6177
3715 7065
3716 6971
3717 9870
3718 7279
3719 9077
3720 6952
3721 9811
3723 5109
3724 7754
3725 7704
3725 9638
3727 9281
3728 7727
3729 7897
3732 8349
3733 7913
3734 7346
3736 4973
3737 5849
3737 9378
3738 6725
3739 7555
3739 4575
3740 8246
3741 7743
3742 4020
3743 9409
3743 9902
3744 9864
3744 5715
3744 7679
3745 9351
3746 4648
3746 6895
3747 8936
3747 5891
3748 5482
3750 9242
3750 4638
3751 3829
3751 9078
3752 8872
3752 4139
3753 9832
3753 9862
3754 8480
3755 4609
3757 8803
3759 4556
3759 7543
3760 4146
3760 4884
3761 6157
3761 5558
3762 6885
3762 5039
3763 7828
3765 6936
3766 6505
3768 7413
3768 4919
3769 9971
3769 7292
3770 3889
3770 9542
3771 8694
3772 4856
3772 9695
3773 9855
3774 7492
3774 6485
3775 5528
3776 8688
3777 9376
3778 5425
3779 8657
3780 4586
3780 9357
3782 5328
3782 6719
3783 3860
3783 4103
3784 7727
3785 6028
3786 4520
3786 7023
3787 6588
3788 9168
3788 7529
3789 8947
3790 8892
3791 4403
3791 6205
3792 4170
3792 9020
3792 6835
3793 5496
3793 8762
3794 4730
3795 9478
3795 4719
3796 7515
3796 5021
3797 6664
3798 9576
3798 5844
3799 6036
3799 8287
3800 4842
3801 9824
3801 5136
3802 6152
3802 4239
3803 5218
3803 7655
3804 4323
3805 6796
3806 3874
3807 6680
3809 4557
3810 7059
3810 5614
3812 9945
3812 8658
3813 7060
3814 9156
3815 8512
3815 8531
3816 6398
3817 4222
3818 7340
3819 6175
3820 4050
3821 5658
3822 4401
3822 3914
3823 9552
3824 5399
3825 8212
3826 9457
3827 5130
3827 8109
3828 9147
3828 9628
3830 9592
3830 6963
3832 7119
3833 5197
3833 8718
3834 5881
3835 5408
3836 6944
3836 5628
3837 9043
3838 5352
3838 8543
3839 9801
3839 8501
3840 7033
3840 5013
3841 5754
3841 4390
3842 9547
3843 7568
3844 7474
3844 4933
3845 9901
3846 8742
3847 7162
3848 6964
3849 4581
3850 5660
3850 5390
3851 9193
3851 4549
3852 9612
3852 7677
3853 7665
3854 8423
3854 7023
3855 7304
3856 7979
3856 5502
3857 8872
3857 6234
3858 4812
3858 4269
3859 6393
3859 8211
3860 9691
3861 7295
3863 4623
3863 8143
3864 8169
3865 6801
3865 7677
3866 8030
3866 3958
3867 4800
3867 6798
3868 6063
3869 9922
3870 7481
3871 7840
3871 6958
3872 8203
3872 3988
3875 7163
3875 8595
3876 5285
3878 4521
3879 6335
3880 7528
3880 4587
3882 5276
3883 7785
3883 7671
3884 7185
3884 7495
3885 5219
3886 6741
3887 4346
3887 5179
3889 5760
3890 6970
3890 8103
3892 9142
3893 7379
3894 4940
3895 7580
3895 4470
3896 6534
3896 9999
3897 8871
3897 6615
3898 5446
3899 9240
3899 7615
3901 4106
3903 9580
3903 6380
3904 8802
3904 9108
3905 7262
3906 5888
3907 7243
3907 6957
3908 9706
3909 5912
3909 4966
3910 4588
3911 7922
3911 9818
3912 5617
3913 8950
3913 6463
3914 7882
3915 9936
3915 7569
3916 7953
3916 5786
3917 7360
3917 5500
3918 6640
3918 7074
3919 4611
3919 7933
3920 5280
3920 8874
3921 8187
3921 6053
3923 4119
3924 5449
3925 4333
3926 6997
3927 9548
3927 9494
3928 8839
3929 5081
3930 5982
3931 8102
3932 7860
3932 6829
3933 8363
3933 9979
3934 4897
3935 6922
3935 6311
3936 8645
3936 4501
3938 5892
3939 4723
3939 7839
3941 7566
3942 5266
3942 5027
3943 4454
3944 6969
3945 8945
3946 7428
3947 5851
3947 9964
3948 6232
3948 7566
3950 9686
3952 4432
3952 5148
3953 7468
3954 4784
3955 9836
3956 7150
3957 6451
3958 5734
3959 9114
3959 4267
3960 8521
3961 6198
3962 5160
3962 9804
3963 4355
3964 9068
3965 7631
3965 5551
3966 6599
3967 7810
3968 8132
3968 9300
3969 7363
3970 5106
3972 8955
3973 4836
3974 8507
3974 6566
3975 8223
3976 6865
3976 7927
3977 6278
3977 6671
3978 4960
3978 6561
3979 9368
3980 6374
3981 5590
3981 5847
3983 8778
3984 7793
3984 8484
3985 7647
3986 7496
3987 5338
3987 4106
3988 5993
3989 6672
3989 8209
3990 7417
3990 4276
3992 5376
3993 8296
3993 8775
3994 9895
3995 6719
3997 9547
3998 7406
3999 5153
3999 8826
4000 8589
4001 8409
4003 4318
4003 6911
4004 9359
4005 5616
4005 9291
4006 9705
4006 9053
4007 8928
4007 9375
4008 6619
4009 5951
4009 8783
4010 8754
4010 7567
4011 4856
4011 7073
4012 8896
4012 4861
4013 8851
4014 8214
4015 8748
4015 5526
4016 6070
4021 6976
4021 5634
4023 5437
4024 9473
4025 4362
4026 9600
4026 7689
4027 9425
4028 7021
4029 8104
4030 8728
4030 5049
4031 8392
4031 4700
4032 9015
4033 5611
4034 7370
4035 9277
4036 7248
4036 8697
4037 7201
4038 9186
4038 8543
4039 9724
4040 4669
4040 4375
4041 7272
4042 9254
4043 5240
4043 8074
4044 5168
4045 8605
4046 4689
4047 8538
4047 7909
4048 6876
4048 5157
4050 7085
4051 8715
4051 6078
4053 5074
4053 7621
4054 7588
4055 6698
4055 5243
4056 9435
4056 5159
4057 8481
4058 9760
4060 4619
4060 6790
4062 8751
4063 8100
4063 8028
4064 4832
4064 9133
4067 7603
4068 8517
4069 9362
4069 8670
4071 9917
4072 9833
4072 8419
4073 4699
4073 9437
4074 4654
4075 6244
4075 5575
4076 8946
4077 5657
4077 9391
4078 8832
4078 7800
4079 6000
4079 6943
4083 5273
4084 8441
4086 7192
4086 4540
4087 7352
4087 4768
4088 8609
4088 4775
4089 5787
4090 6274
4091 7848
4091 8203
4092 5325
4093 6938
4095 6105
4096 4808
4097 9817
4097 6106
4098 6650
4098 7315
4099 6979
4099 7587
4101 8773
4101 5069
4102 6088
4102 7653
4103 5135
4104 8204
4105 6736
4105 7823
4107 7016
4107 9308
4108 8920
4108 7396
4109 8343
4110 6358
4111 9608
4111 8236
4112 6383
4113 4839
4114 7574
4115 5146
4116 6722
4117 5806
4118 5699
4119 5784
4121 8280
4122 5498
4122 4855
4123 9465
4124 9410
4124 4995
4125 9506
4127 7247
4128 7645
4129 8640
4130 6249
4132 8603
4133 8835
4133 9390
4134 5535
4135 8703
4136 4777
4136 9229
4137 9825
4137 5294
4138 5260
4138 5910
4139 9908
4140 4236
4140 7101
4141 4244
4143 7174
4144 9081
4144 4195
4145 8853
4146 5461
4147 5168
4147 9594
4148 6082
4148 7118
4149 8167
4150 8235
4153 7296
4153 4499
4154 7699
4154 5811
4155 6146
4155 6694
4156 9615
4157 8165
4158 9661
4159 6417
4159 7482
4160 5876
4160 8597
4161 9022
4162 9482
4166 7906
4167 5038
4168 4677
4168 4918
4169 4959
4169 9999
4170 9500
4170 9020
4171 9520
4173 8090
4173 5819
4174 5012
4177 6716
4178 8597
4179 5829
4180 6601
4181 7345
4182 9986
4182 4462
4183 5425
4184 9260
4186 4401
4187 7308
4187 4495
4188 6645
4189 8793
4190 4879
4191 9051
4191 8271
4193 9808
4193 9201
4194 6905
4194 6359
4195 7407
4197 9809
4199 9449
4199 6077
4199 7351
4200 4629
4201 7461
4201 9334
4202 5602
4202 6011
4203 8272
4203 6481
4204 9324
4204 4389
4205 4799
4206 7641
4206 4561
4208 5744
4208 6018
4209 4387
4210 4711
4211 5017
4213 9529
4213 9857
4214 6408
4216 4684
4217 5577
4217 7722
4218 7842
4218 6413
4219 4569
4219 9404
4221 5969
4222 7207
4223 7730
4223 4605
4224 6488
4224 9766
4225 5802
4225 8444
4226 5256
4226 5271
4227 6677
4228 7284
4228 9461
4229 9787
4230 5345
4230 5638
4231 4813
4232 5186
4232 5150
4234 6333
4235 6774
4236 5123
4238 6717
4240 9372
4240 8615
4241 7745
4242 8248
4242 9679
4243 8169
4244 5807
4245 8273
4246 7316
4246 6245
4247 5389
4248 4830
4248 5287
4249 7224
4250 4517
4253 6636
4254 8019
4254 4671
4256 8884
4257 9203
4259 5350
4261 4998
4261 9759
4262 7411
4262 8293
4263 4574
4265 5333
4265 8261
4266 8356
4266 6308
4267 6692
4270 7513
4271 4923
4272 8123
4272 7999
4273 9798
4274 5032
4275 7742
4276 7650
4277 6329
4277 7100
4278 6926
4279 4898
4279 9075
4280 5698
4281 8478
4281 9567
4282 8958
4283 7201
4283 7884
4284 9610
4284 5028
4285 8534
4285 8911
4286 6658
4286 9111
4288 4556
4288 8454
4289 9693
4289 8365
4290 9541
4290 5638
4291 8180
4292 4503
4293 7697
4293 4786
4294 7447
4294 9703
4295 8473
4296 9388
4296 5759
4297 6044
4298 9336
4299 9582
4300 6257
4301 6578
4302 5480
4302 6811
4303 7417
4303 5895
4304 7561
4305 4770
4306 9032
4307 5096
4308 6253
4309 8620
4310 7362
4310 4559
4311 7286
4312 6100
4312 9255
4314 8383
4315 8451
4316 6841
4316 8572
4317 9394
4318 7146
4319 4617
4319 8332
4320 6346
4322 6794
4322 5788
4323 9346
4324 5128
4326 8433
4327 9819
4327 8571
4328 7912
4328 5423
4329 7801
4329 7862
4330 6148
4331 8339
4332 8232
4332 6115
4333 5363
4334 9142
4334 8166
4335 6602
4337 8412
4337 9295
4338 6984
4338 6593
4339 4534
4339 7414
4341 6173
4342 8099
4343 8248
4343 9550
4344 6537
4344 5955
4345 8696
4347 8697
4348 8067
4348 9518
4349 7481
4349 6909
4350 5980
4350 4876
4351 5401
4352 9443
4352 9205
4353 8579
4354 9276
4355 8994
4356 5880
4357 9984
4358 4725
4359 9654
4360 9755
4360 8860
4361 9312
4361 4820
4362 7009
4363 8335
4364 9995
4364 5007
4365 5604
4366 9489
4366 7593
4367 9089
4368 7766
4369 4755
4370 7592
4372 9955
4373 6619
4373 8756
4374 8952
4374 4442
4375 9443
4376 9033
4376 5315
4377 7047
4377 7527
4380 5495
4380 6423
4382 6448
4382 7567
4383 5832
4383 8491
4384 4875
4384 9829
4385 7778
4385 4450
4386 5997
4387 5858
4388 5471
4390 5462
4391 8833
4393 6702
4394 9239
4395 6612
4396 6479
4397 9779
4397 8325
4398 6472
4399 4943
4400 5648
4402 8709
4403 5199
4404 6084
4404 8751
4405 7864
4405 4691
4406 6039
4407 6840
4407 5896
4408 8704
4408 4843
4409 8274
4409 4460
4410 8563
4410 5093
4411 7502
4411 4559
4412 9268
4413 9244
4413 6743
4414 9514
4414 8559
4416 6536
4416 5471
4417 6683
4418 9262
4419 5333
4420 9856
4421 8484
4422 4672
4422 8688
4423 9289
4423 9750
4424 7560
4425 9536
4425 9748
4426 7368
4427 6542
4428 6299
4429 4526
4430 5417
4433 7720
4434 8717
4435 9587
4436 8279
4437 7248
4437 6372
4438 8397
4440 7040
4440 7513
4443 7493
4444 5095
4445 8184
4446 8334
4449 9563
4449 9935
4451 8612
4451 7959
4452 7916
4453 6160
4455 4709
4457 9076
4458 5775
4460 7936
4461 5861
4463 5337
4464 5769
4465 6000
4465 9523
4465 7397
4465 4525
4466 7930
4467 4714
4467 8868
4468 7765
4469 7370
4470 9219
4471 5040
4471 5855
4474 7600
4476 8369
4476 9317
4477 6604
4477 8446
4478 7400
4478 5420
4479 4936
4479 6394
4480 6315
4481 8665
4482 4591
4482 8159
4483 9091
4483 9919
4484 4841
4485 5596
4486 7648
4486 4937
4487 8015
4487 5503
4489 4649
4489 7449
4490 9950
4491 7272
4491 6460
4492 9137
4492 7906
4494 6883
4495 7808
4496 6371
4496 9974
4497 7803
4498 5990
4498 7847
4500 4813
4501 5785
4502 6478
4503 7436
4504 8413
4505 4577
4505 8684
4506 9405
4508 7553
4510 8262
4510 6167
4511 6282
4511 6526
4512 5498
4513 7633
4514 4576
4514 5465
4515 6949
4516 7997
4517 6955
4518 7454
4518 7511
4519 7007
4520 4543
4522 9140
4523 8098
4524 6546
4525 6000
4525 5644
4526 8205
4527 8562
4528 8299
4528 7819
4529 4650
4529 9311
4530 4917
4531 5111
4532 6361
4534 9700
4535 7333
4535 6207
4536 5804
4539 6536
4541 4944
4541 8124
4542 9959
4544 5835
4545 6225
4545 6151
4546 9440
4547 8816
4547 7952
4547 5855
4548 5861
4549 8753
4550 9584
4550 7262
4551 5272
4551 6899
4552 6960
4552 5838
4553 6070
4554 7090
4554 6978
4555 8727
4555 7951
4557 8192
4558 6001
4558 6262
4560 7665
4561 9716
4562 8722
4562 8622
4563 7585
4563 6486
4564 7454
4566 6833
4566 8370
4569 5928
4571 5665
4571 9261
4572 6294
4572 5174
4573 4961
4573 6644
4576 7787
4577 7337
4578 8130
4578 4757
4579 5018
4580 6190
4580 6534
4582 9480
4582 8276
4582 4965
4583 6538
4584 9516
4585 7288
4585 7900
4587 5506
4588 9555
4589 7738
4589 6073
4590 8067
4590 9364
4592 9210
4592 9986
4593 7762
4593 5262
4594 6874
4596 7069
4597 9469
4598 4952
4600 9810
4600 9062
4601 6156
4601 7822
4602 6088
4602 9671
4603 8089
4603 8659
4604 9250
4604 7951
4606 9646
4607 7000
4607 5631
4608 6845
4609 5825
4610 5789
4610 8094
4612 8160
4612 9693
4612 7293
4612 9406
4614 7908
4614 6518
4615 5410
4615 7198
4616 7690
4616 9183
4617 6934
4618 9353
4618 9495
4620 8234
4621 7577
4621 9725
4623 9577
4624 8698
4626 7155
4627 7056
4627 6901
4628 7264
4630 8617
4630 6778
4632 8857
4633 8565
4634 6872
4635 4675
4636 4701
4637 4858
4638 6983
4639 9775
4640 5312
4640 8802
4641 7168
4641 5715
4642 9805
4643 4688
4643 5941
4643 7838
4644 5873
4645 9752
4645 6853
4646 8416
4646 9727
4647 8075
4648 6229
4651 7123
4652 8681
4652 4955
4653 6474
4653 7923
4655 4870
4656 5059
4656 5308
4657 7954
4657 9627
4658 7498
4659 6101
4660 9652
4661 8233
4661 6893
4662 5962
4662 4846
4664 6968
4665 6118
4665 8063
4667 6668
4668 6185
4669 8894
4670 5626
4671 5630
4672 6341
4673 9458
4674 7826
4674 7691
4676 5872
4676 5115
4678 8834
4679 6618
4679 7926
4680 5131
4680 7663
4681 9175
4682 9094
4682 6766
4683 6603
4683 5263
4684 6903
4685 9852
4685 7695
4686 7505
4687 8858
4687 8951
4688 6627
4690 7625
4690 6834
4694 7379
4695 9026
4696 5346
4696 9926
4697 6897
4697 7290
4698 8793
4698 6703
4699 9861
4702 9349
4703 7969
4704 7698
4705 6802
4705 6791
4706 8817
4708 5043
4708 7125
4710 4968
4711 9105
4712 7426
4713 8284
4714 7365
4715 6529
4715 8844
4716 5881
4718 6576
4718 7546
4719 8377
4720 7970
4720 5779
4721 6692
4722 6034
4722 6351
4724 5969
4724 6421
4725 8297
4727 7081
4728 6284
4728 6701
4729 9777
4732 7934
4733 7591
4734 6489
4734 6757
4735 9499
4736 9307
4736 5949
4737 9724
4739 5994
4740 6502
4740 5343
4742 6288
4743 8586
4744 8760
4744 7345
4746 9148
4746 5084
4747 6110
4748 8387
4748 5750
4749 4907
4750 7824
4750 9919
4752 9878
4755 8488
4756 6537
4758 5562
4758 4879
4759 6243
4759 6102
4760 7614
4762 5440
4763 9838
4764 4860
4764 5959
4765 6443
4765 6852
4766 6410
4766 7190
4767 6894
4767 8038
4768 9135
4769 9360
4769 8202
4770 9732
4771 6617
4772 5653
4774 9044
4778 7955
4778 6445
4779 8925
4780 7473
4780 7874
4781 6468
4782 9978
4782 6428
4783 9002
4785 6266
4785 5709
4787 4859
4788 7814
4788 8247
4789 6007
4790 7204
4790 7405
4791 7890
4791 8143
4792 9568
4792 8085
4793 6009
4793 8804
4794 8912
4794 6951
4795 9683
4796 5248
4797 7590
4798 7195
4799 5581
4800 7520
4801 9548
4801 6180
4802 6684
4802 7428
4803 8472
4804 5138
4804 9967
4806 7045
4807 7736
4807 5522
4808 7599
4809 4840
4810 9346
4811 5973
4812 9163
4814 9232
4816 9407
4817 7172
4819 7520
4819 9449
4821 5957
4821 8581
4823 9048
4824 9488
4826 9128
4826 8643
4827 5803
4827 9580
4827 6053
4827 7726
4828 9602
4829 8731
4829 8382
4830 9491
4831 8131
4831 9597
4833 7026
4833 4882
4834 7587
4834 9364
4835 6032
4835 5743
4836 7509
4837 6109
4838 7764
4841 8459
4842 6819
4844 5561
4845 7666
4845 6162
4846 9515
4847 5913
4847 7394
4847 7683
4848 7216
4848 7617
4849 6122
4849 4933
4850 8384
4851 7121
4851 6035
4852 5569
4853 7598
4853 7535
4855 8257
4857 9997
4858 7240
4859 8323
4862 6413
4862 8599
4863 5852
4864 4974
4865 7059
4865 8781
4866 7750
4867 5055
4869 9314
4870 9945
4871 9970
4872 9337
4872 8145
4873 6381
4874 6686
4875 4887
4876 7787
4877 6563
4877 6319
4879 7287
4880 9433
4883 5094
4885 9771
4885 9779
4886 6201
4887 5008
4888 5598
4889 5154
4890 7998
4891 6814
4892 5956
4893 9664
4895 6338
4895 6211
4897 8206
4899 7392
4901 6516
4901 7551
4902 5922
4903 8357
4904 7804
4904 5719
4906 5584
4907 5693
4908 6568
4908 6209
4909 5444
4909 5198
4910 7802
4911 9269
4912 5460
4914 5406
4915 6320
4915 9905
4916 8442
4917 7055
4918 7065
4919 5177
4920 8256
4921 6637
4921 8991
4922 6752
4923 7420
4924 8006
4925 6043
4925 5788
4926 7435
4926 6846
4927 8474
4928 9876
4929 4969
4929 5702
4930 6955
4930 6821
4931 6901
4932 9539
4932 5991
4934 6807
4935 8190
4936 8625
4937 7359
4939 5510
4940 7024
4941 5215
4942 7246
4942 4958
4945 5591
4947 7161
4948 7123
4948 8855
4949 5671
4950 6756
4950 5863
4951 5472
4951 8326
4952 6958
4953 6758
4954 6716
4955 8395
4957 8061
4958 8249
4961 7872
4962 7147
4963 7177
4964 9028
4964 8077
4965 6748
4966 6871
4967 5077
4969 6520
4970 7100
4971 7946
4972 6203
4972 9966
4974 8650
4975 8259
4976 9062
4977 9590
4978 7541
4978 6309
4979 7639
4980 5820
4980 9829
4982 6813
4984 6422
4984 9663
4986 5833
4986 5293
4987 6558
4988 9202
4989 9253
4991 9230
4992 8178
4993 8056
4993 5664
4994 7921
4994 9630
4997 7768
4997 7372
4999 6389
5000 9417
5002 6181
5003 9272
5003 5684
5004 5271
5004 7643
5007 5705
5008 9596
5009 8454
5010 5296
5011 9116
5012 8901
5013 8547
5014 9918
5014 7135
5015 5473
5015 6303
5018 6943
5019 5098
5019 8883
5021 9447
5022 6808
5023 7591
5025 6134
5026 8915
5026 8407
5027 8512
5028 8057
5029 6033
5029 5782
5030 8128
5030 7948
5033 5724
5034 8486
5035 9424
5036 5489
5036 5342
5037 8304
5039 8623
5040 6850
5041 5169
5042 7758
5044 7682
5044 7508
5045 6714
5045 5790
5046 6462
5047 7251
5048 9800
5048 8847
5049 6726
5050 7796
5050 8687
5051 6209
5052 6998
5053 7450
5053 9565
5054 6171
5055 7507
5056 6129
5056 7134
5057 7030
5058 8023
5059 5504
5060 9115
5063 9969
5063 9354
5064 6130
5064 7134
5066 6123
5066 7485
5067 9606
5068 9925
5068 8863
5069 9761
5071 6616
5072 8794
5073 6731
5074 6076
5076 6266
5077 6545
5079 8070
5081 6323
5082 7129
5083 7713
5083 5163
5084 5864
5086 6137
5086 9862
5087 5217
5087 9074
5088 5225
5089 6470
5092 9476
5096 7025
5097 6116
5097 5991
5098 8837
5100 5408
5100 7353
5101 8331
5102 9560
5102 5968
5103 9315
5104 7707
5105 5846
5106 6368
5107 7756
5107 8917
5108 7840
5108 8788
5109 8316
5110 5988
5112 9856
5113 9395
5114 5749
5114 8590
5115 6783
5117 7209
5118 8264
5118 9515
5120 5280
5121 8443
5122 5968
5122 9770
5123 9083
5124 6381
5125 6907
5125 7687
5126 5994
5127 6540
5129 6574
5130 6794
5132 8509
5134 6414
5135 5748
5137 8513
5137 7846
5138 5812
5139 6235
5140 7892
5140 6789
5143 5656
5143 9612
5144 7219
5146 5663
5148 5717
5150 7770
5151 7562
5152 5977
5152 9031
5153 8263
5154 6161
5155 5556
5156 9253
5157 7563
5158 8433
5162 6733
5162 7910
5164 5595
5165 5172
5166 7724
5167 6532
5167 9126
5171 7917
5171 8797
5173 7681
5173 8567
5176 5450
5177 5773
5178 5224
5179 6760
5180 5526
5181 8372
5183 6842
5183 9518
5184 7036
5184 9014
5186 9131
5187 5491
5187 6415
5188 5568
5189 9888
5189 6484
5190 6366
5192 8126
5193 9749
5194 6530
5196 6163
5196 6887
5196 7487
5197 7889
5198 7550
5200 8778
5200 5204
5201 5674
5201 5247
5202 9836
5203 8853
5204 7634
5206 9425
5207 5565
5208 7744
5208 9841
5209 8394
5209 6655
5210 9830
5212 7900
5214 5720
5214 6149
5215 7022
5216 9077
5217 8865
5218 5810
5219 9985
5220 7348
5221 5265
5221 8882
5222 9969
5223 9509
5225 6978
5227 9593
5227 7534
5228 9210
5229 9937
5229 5491
5230 7195
5231 6441
5231 6780
5233 5405
5233 7773
5234 8141
5234 8583
5235 8338
5236 6931
5236 6997
5237 8644
5239 6128
5240 9304
5241 9167
5242 9688
5242 6711
5244 9416
5244 5597
5245 7328
5245 7452
5246 8961
5247 5356
5248 8689
5251 9429
5252 7827
5252 7358
5253 7602
5254 8229
5254 6551
5255 5710
5255 9246
5256 6258
5257 8177
5257 7343
5258 8258
5260 8987
5261 9828
5264 6669
5265 9069
5269 8240
5270 8408
5270 7966
5271 6801
5272 8416
5274 5687
5278 8649
5279 6126
5281 7835
5282 5837
5283 6060
5285 7827
5286 8938
5287 9807
5288 6705
5289 8780
5289 8069
5290 6569
5290 7330
5291 5556
5292 5879
5292 7047
5294 5913
5296 6218
5299 8252
5300 6521
5303 7829
5304 5601
5304 6405
5305 7637
5305 9887
5307 7192
5308 7747
5309 5829
5309 5423
5311 5529
5311 9229
5312 7277
5313 6227
5314 7375
5316 9556
5316 6637
5317 7991
5318 8086
5319 6904
5320 9341
5321 7225
5322 8696
5324 8849
5324 7998
5325 9406
5327 6860
5328 5373
5329 7564
5336 6737
5337 9796
5338 5476
5339 6675
5339 6836
5340 9366
5340 7215
5341 6877
5342 7114
5346 9153
5347 9508
5348 5992
5348 7831
5349 6332
5350 6144
5351 6837
5351 8798
5352 7087
5353 6456
5353 7823
5354 7444
5355 6150
5356 6297
5357 6657
5357 5411
5359 6784
5359 9094
5360 7484
5361 9818
5361 8711
5365 6291
5367 5437
5368 9264
5368 9130
5369 7862
5369 9214
5372 7565
5374 7160
5375 6660
5375 7765
5376 9719
5377 8927
5379 6395
5380 9746
5381 7324
5382 9944
5383 7945
5383 7533
5384 9604
5385 8701
5387 7128
5387 5787
5388 9035
5388 9989
5389 5633
5390 5667
5391 8716
5392 6451
5393 7094
5394 9989
5396 7914
5397 9967
5398 9332
5398 5446
5401 9674
5402 8575
5403 8534
5405 9809
5409 9932
5410 5952
5412 8003
5413 7152
5414 9456
5416 7222
5418 6795
5418 6855
5419 6382
5421 8614
5422 9720
5424 7463
5426 8041
5426 6839
5427 8434
5428 9257
5430 7864
5431 6312
5431 8607
5432 8446
5433 6927
5434 7202
5435 6560
5435 7079
5438 8610
5439 7954
5439 9301
5440 7687
5442 8819
5442 7140
5443 6224
5443 9558
5445 7512
5445 8439
5448 6609
5448 9900
5451 7052
5452 6272
5453 8949
5455 9008
5456 6238
5456 6990
5457 8592
5458 8697
5458 5532
5462 8943
5463 9048
5466 5799
5467 6002
5467 8367
5468 6644
5468 8164
5469 5606
5470 6888
5470 6279
5472 9996
5473 8356
5474 6008
5474 7307
5477 8238
5478 5673
5479 5776
5481 6755
5481 7724
5482 6994
5483 9852
5483 9500
5485 7029
5486 9624
5487 5620
5487 9492
5488 5810
5488 7034
5489 6024
5492 7150
5493 6017
5494 8034
5496 5841
5499 9987
5501 9388
5502 6554
5503 9722
5504 6498
5505 6393
5508 7121
5509 9486
5509 5599
5510 9573
5510 5887
5512 8556
5513 6252
5513 6828
5514 9622
5516 6461
5516 7759
5517 7579
5518 9134
5519 7886
5520 7203
5520 7975
5521 7245
5521 9911
5522 9002
5522 6255
5522 7870
5523 9770
5525 8172
5525 6606
5527 9681
5529 7872
5530 7433
5530 8253
5532 8238
5533 9059
5534 6989
5536 9930
5537 8864
5538 9745
5539 8072
5540 6652
5541 7064
5541 9350
5542 6713
5542 5548
5543 5983
5544 7374
5545 5603
5546 8768
5547 6751
5548 6324
5549 7734
5552 9780
5552 6630
5553 6169
5554 8108
5557 7717
5558 6438
5559 6832
5561 6433
5562 6012
5563 6800
5563 7035
5564 6408
5564 9052
5565 8619
5566 7866
5566 6290
5567 6290
5570 8051
5570 7236
5572 5695
5573 7586
5573 8884
5574 8656
5574 9903
5576 7521
5577 9631
5578 7399
5579 7341
5579 9854
5580 6815
5581 8285
5582 6677
5582 7607
5583 9579
5585 7582
5586 8171
5586 6295
5587 8288
5588 5815
5589 6813
5592 9145
5593 6946
5593 7629
5594 8646
5599 5916
5600 7553
5601 9921
5602 9445
5604 7383
5605 6658
5606 6091
5607 7297
5607 6915
5609 9597
5609 6013
5614 8220
5615 5875
5615 6054
5616 6553
5617 6559
5618 9572
5618 9030
5619 5897
5621 9953
5621 8266
5622 6631
5623 5689
5623 6994
5624 5658
5626 9228
5627 8074
5627 7963
5629 8673
5630 9784
5634 8507
5635 9102
5635 7319
5636 9565
5637 8977
5639 9001
5640 7337
5641 9450
5641 9255
5642 7808
5642 6406
5643 7002
5643 9023
5644 7261
5646 8926
5648 7176
5649 6080
5649 9751
5650 7996
5650 6574
5652 6075
5654 6050
5655 6414
5656 6172
5659 6352
5662 9249
5662 6403
5663 5804
5664 8655
5666 6946
5667 7983
5668 9345
5668 6639
5669 9150
5669 9319
5671 8266
5673 9141
5675 7846
5675 9207
5677 7842
5679 9157
5680 7646
5680 7767
5681 5786
5681 8935
5682 7685
5687 9513
5688 7700
5689 7901
5690 8417
5691 9030
5692 9109
5693 9213
5694 9058
5695 6866
5695 5996
5697 6049
5697 7084
5700 7469
5701 8040
5701 7981
5703 6165
5703 7302
5704 9050
5704 8149
5705 8953
5706 6416
5708 9081
5709 8135
5710 9660
5711 5897
5713 8386
5714 7644
5715 9218
5716 9043
5717 7658
5718 9326
5719 8861
5720 8859
5720 9468
5720 6149
5721 8168
5721 8249
5722 6011
5723 7234
5723 8029
5724 8053
5725 7217
5726 9676
5728 9325
5729 7210
5731 9950
5732 9754
5733 7937
5733 9570
5734 5903
5735 9914
5736 9667
5736 7229
5737 9769
5738 8764
5738 7789
5739 8183
5740 6272
5740 9601
5741 7156
5741 9789
5742 9065
5744 6212
5745 8359
5746 9882
5746 8915
5747 6473
5748 9589
5749 7130
5750 9442
5751 9494
5751 7711
5752 6664
5752 6293
5757 8763
5758 5844
5760 8313
5761 7457
5763 8258
5764 8409
5765 6513
5768 7368
5768 6135
5769 8869
5770 7502
5772 7464
5774 6467
5774 9619
5777 7986
5778 6382
5779 9284
5780 6003
5781 7701
5781 9935
5782 6062
5783 8671
5784 7942
5790 6587
5791 9755
5792 5908
5794 8114
5794 8686
5795 6240
5795 6261
5796 7120
5797 7969
5798 8621
5800 8724
5801 6830
5803 6053
5803 8198
5805 7618
5807 9784
5808 9017
5809 8156
5811 6241
5813 9313
5813 8574
5814 9186
5815 8700
5816 6610
5816 6258
5817 9013
5817 6990
5819 7146
5819 8626
5820 9259
5823 9570
5824 8622
5826 6693
5826 8629
5827 8805
5828 9243
5830 9138
5831 9865
5833 7422
5835 7009
5837 6263
5839 6428
5840 8355
5842 9729
5845 9143
5847 9670
5848 8554
5848 9157
5849 9926
5850 7462
5852 5998
5853 7094
5853 7078
5854 9650
5856 8139
5856 9637
5858 9928
5859 9810
5859 9647
5860 6880
5860 7205
5862 9031
5865 7828
5865 6804
5866 8913
5866 8382
5867 8932
5868 7052
5870 7057
5871 6443
5872 6031
5874 8659
5875 6514
5876 8185
5877 7548
5878 6931
5882 8885
5883 7113
5884 6491
5886 7230
5886 6095
5887 8563
5889 9475
5890 6335
5893 9660
5893 6679
5894 8347
5895 6613
5898 6183
5898 7415
5899 8449
5899 8211
5900 9400
5900 7945
5901 7508
5903 6509
5904 7378
5904 7783
5905 7446
5905 6511
5908 8842
5909 9662
5911 5925
5912 7535
5915 9415
5917 9164
5918 9940
5919 7994
5919 9653
5920 6289
5920 8741
5921 8456
5922 8770
5923 6659
5924 7080
5924 7119
5925 8113
5926 8744
5926 6822
5927 9639
5928 6020
5930 9410
5934 6693
5935 6816
5937 9432
5937 8839
5938 8545
5942 6898
5942 9438
5943 8954
5944 6108
5944 8852
5945 9981
5946 8682
5947 8261
5948 7018
5948 7531
5948 9567
5948 8063
5950 8136
5953 8676
5955 9374
5956 9849
5958 6361
5959 6029
5960 6941
5961 7299
5961 8726
5963 6259
5964 9943
5966 8475
5967 9251
5967 6565
5970 9534
5971 9042
5972 6447
5974 9776
5976 9173
5977 8001
5978 9889
5979 6246
5980 7664
5981 9801
5981 8510
5982 9383
5983 7878
5984 9428
5986 7168
5987 8497
5987 9362
5988 7643
5990 9618
5992 7067
5993 9658
5995 7697
5995 9900
5997 9106
5999 9209
6000 8519
6001 9858
6002 9541
6003 8153
6005 8732
6006 9549
6009 7531
6010 6597
6012 6055
6013 8719
6014 7544
6014 9391
6015 6571
6015 8694
6018 7156
6019 8655
6022 9178
6023 8462
6024 8505
6025 6618
6025 9540
6026 6521
6027 7141
6028 7907
6029 8013
6031 6765
6033 8965
6035 7578
6037 7625
6037 9942
6038 6723
6038 9196
6039 9866
6041 9044
6041 8567
6043 9387
6045 6488
6047 7160
6048 9032
6048 9070
6051 9703
6052 7602
6052 7102
6054 6092
6057 6578
6058 9245
6060 8418
6061 8335
6064 7950
6065 7656
6065 6572
6067 8864
6067 9045
6068 7546
6069 6770
6071 9591
6072 7178
6072 8502
6073 9846
6073 8174
6075 6996
6077 8192
6077 9449
6078 7407
6079 9774
6079 6118
6080 7116
6081 7795
6082 9686
6083 7618
6083 7879
6086 9613
6089 6569
6089 7129
6090 6573
6091 7494
6092 6826
6094 6585
6095 8539
6096 9329
6098 7197
6099 8204
6100 7506
6102 8739
6103 9933
6105 9107
6106 9285
6107 6218
6108 7540
6110 8496
6111 6357
6112 9952
6114 7490
6115 8218
6116 7530
6117 9791
6119 9833
6120 7516
6122 6280
6123 8856
6124 7471
6126 8699
6127 6949
6128 7661
6130 8278
6131 6138
6132 6962
6133 9931
6134 9869
6136 9480
6137 9753
6139 8931
6140 6333
6143 7182
6143 7527
6144 6256
6145 8422
6146 8402
6147 9148
6149 8010
6150 7084
6153 9308
6154 8066
6154 9022
6156 8332
6158 7895
6159 7236
6161 6184
6162 7688
6163 9846
6163 6887
6165 6599
6166 8525
6166 7974
6168 8568
6168 7961
6169 8969
6171 9036
6173 7341
6174 8818
6174 8140
6175 6314
6176 7199
6178 6605
6180 8577
6181 9730
6182 8639
6183 7763
6186 6633
6187 8403
6189 7661
6190 9781
6190 9831
6191 9039
6192 8101
6192 9886
6193 8867
6193 9526
6195 6267
6195 6694
6196 6636
6196 9399
6199 9165
6202 7834
6203 6523
6204 8357
6206 7858
6206 9474
6208 9266
6210 6969
6212 8253
6214 8923
6214 7675
6220 8428
6221 7429
6224 9680
6230 7012
6231 9057
6232 7974
6234 9748
6236 7726
6237 6504
6238 9561
6239 8734
6241 7394
6246 9986
6248 6575
6249 9767
6250 6736
6251 9502
6252 9859
6255 7870
6256 6331
6257 8758
6259 9152
6264 8314
6264 6778
6265 7175
6267 6882
6268 7218
6268 7771
6271 7931
6273 7833
6275 9983
6277 7276
6279 8646
6282 7115
6283 7871
6285 7658
6286 9551
6286 6679
6287 6477
6288 7850
6293 7258
6295 7194
6296 6656
6297 7560
6298 8307
6300 8011
6300 9853
6303 7869
6304 8465
6304 6375
6305 8730
6306 9093
6306 9671
6307 7915
6308 9191
6309 8939
6310 7530
6311 7673
6312 9123
6314 9713
6315 9309
6316 7582
6317 8219
6318 9680
6325 9386
6326 9010
6326 7223
6327 9504
6328 7896
6328 6923
6330 6530
6330 7455
6331 9641
6332 9371
6334 7873
6337 7317
6337 6663
6340 8276
6340 7549
6343 8344
6343 8677
6344 8345
6345 9491
6345 6492
6346 7903
6347 8213
6349 7689
6349 7322
6350 9027
6350 7709
6351 7548
6352 7632
6353 8729
6354 7494
6355 7626
6362 8699
6364 9840
6364 9911
6365 8195
6366 8474
6367 8672
6367 9908
6368 9789
6369 8032
6369 8695
6370 8685
6371 6772
6376 8947
6377 8822
6378 9831
6380 9897
6384 6697
6386 9008
6387 8004
6389 7675
6390 7830
6391 9531
6391 8899
6392 9800
6392 7412
6394 7479
6397 7477
6397 8415
6400 9460
6401 8050
6401 9893
6402 8072
6404 7267
6405 8817
6406 9428
6407 7292
6410 8876
6411 9112
6412 7813
6415 8133
6416 7238
6418 9745
6418 8658
6418 9583
6422 6668
6423 9640
6424 9739
6427 9533
6430 9668
6431 8197
6432 8692
6433 9733
6435 9803
6436 9685
6437 7375
6437 9007
6438 6582
6439 7244
6440 6930
6440 6756
6442 7242
6442 7037
6444 7008
6444 9181
6450 9516
6452 9122
6453 9283
6453 6556
6454 7721
6456 6660
6457 8465
6457 9318
6458 9430
6459 9278
6460 9891
6462 7484
6464 7952
6464 7197
6465 6762
6465 8619
6466 7576
6470 9020
6471 9968
6471 7393
6474 9757
6475 7133
6475 9965
6475 7781
6476 7444
6476 8989
6477 6973
6478 8620
6479 8048
6480 7468
6481 7528
6482 6963
6482 7686
6483 7880
6483 7653
6487 7214
6490 6700
6490 8391
6494 8546
6495 8756
6496 6817
6497 7666
6499 6525
6500 9304
6500 7321
6501 7579
6502 9327
6503 8282
6503 7870
6506 9728
6510 9993
6510 7949
6513 7432
6514 9990
6517 7149
6518 8580
6519 9539
6522 8837
6522 8254
6523 7124
6525 8414
6526 8823
6528 8304
6529 7737
6531 9440
6531 7255
6532 6821
6535 7207
6538 7021
6539 8830
6540 9003
6542 8464
6543 6761
6544 9217
6544 8692
6545 8780
6550 7871
6552 8368
6553 9197
6556 9266
6557 8682
6560 7366
6562 7164
6563 6710
6566 6896
6568 8167
6572 6959
6573 9960
6575 9384
6579 6744
6580 6584
6582 7086
6583 7408
6583 8966
6584 8727
6586 8984
6590 7924
6591 8745
6592 7774
6592 6791
6594 8693
6596 8740
6596 7087
6598 7730
6600 9626
6606 8329
6610 8495
6611 9341
6612 9294
6614 9841
6614 9005
6615 8401
6616 9677
6620 8766
6621 8502
6622 9944
6622 7613
6623 9530
6624 9397
6625 7472
6625 8022
6626 9488
6626 7264
6628 6937
6631 6779
6632 9275
6632 9477
6633 8087
6634 8224
6635 7738
6639 8970
6640 7612
6641 8375
6641 7703
6643 7696
6646 8811
6647 7712
6647 9226
6649 8080
6649 7686
6651 7898
6654 8789
6655 9004
6656 9880
6657 7976
6663 8370
6665 8440
6665 7115
6666 8064
6666 7361
6667 8991
6670 8634
6670 6942
6672 8278
6675 7621
6676 6717
6678 7988
6680 9554
6681 8748
6682 8044
6683 9438
6684 9001
6685 9730
6685 9503
6687 7810
6688 9171
6689 7213
6690 8033
6691 7170
6697 7880
6699 6970
6701 9142
6702 8752
6703 7641
6707 8843
6708 8765
6709 9860
6710 8984
6711 6981
6713 7758
6715 7926
6720 7555
6720 9335
6722 9881
6723 8351
6725 8571
6727 9097
6729 6849
6729 9585
6730 8920
6731 8529
6732 9659
6733 6870
6735 6895
6737 9564
6741 8713
6744 7346
6745 7630
6746 7859
6748 8914
6749 9880
6750 6916
6750 7847
6752 7874
6753 8147
6754 7107
6754 7693
6757 7334
6758 9111
6759 8473
6759 9277
6761 8786
6762 7818
6763 8888
6763 9871
6764 8283
6765 8509
6766 8808
6767 9888
6767 8333
6768 9657
6768 8611
6769 6937
6769 7902
6770 9698
6771 8044
6772 8220
6773 7891
6774 9903
6775 9227
6780 9349
6782 8154
6783 9060
6784 7456
6785 6922
6786 7854
6788 9764
6796 8442
6797 8723
6798 7797
6799 9609
6802 8245
6803 6887
6805 7117
6806 7137
6806 8660
6808 8399
6809 9049
6810 9316
6810 7053
6812 7096
6812 8429
6815 8047
6816 9845
6817 8890
6818 9474
6818 8413
6819 8608
6822 9028
6823 7073
6823 7218
6824 7684
6824 7258
6825 8131
6827 9249
6828 9504
6829 9072
6830 8313
6831 8568
6832 8229
6836 9215
6837 7848
6838 9408
6839 9750
6843 8630
6845 9458
6846 9365
6847 7142
6849 7908
6851 8576
6851 8350
6856 6977
6856 7526
6857 8101
6858 8667
6860 7107
6861 8631
6862 9569
6862 9471
6863 7788
6864 8556
6865 9716
6868 7841
6869 8214
6869 8391
6871 9848
6873 9665
6874 8653
6877 7674
6878 9923
6879 7048
6879 8075
6880 9871
6881 7570
6881 7740
6882 8565
6883 8940
6884 9005
6886 9112
6886 6999
6889 9894
6889 7398
6892 8917
6894 7694
6897 7606
6899 9051
6903 7203
6904 8305
6907 7015
6908 8137
6908 7601
6909 7512
6910 9520
6910 9739
6911 9842
6914 7679
6916 7676
6919 9916
6921 7256
6921 9295
6924 9106
6925 8639
6926 9991
6928 9905
6929 8476
6930 7663
6932 9688
6938 9781
6939 9824
6940 8944
6940 9070
6944 9490
6945 7820
6947 9162
6948 8124
6950 8083
6950 8566
6951 7650
6952 8159
6954 8194
6956 7289
6956 9335
6957 7525
6961 9322
6962 8281
6964 8352
6965 9429
6966 7241
6967 8242
6967 7523
6968 8231
6971 7136
6972 8076
6973 9248
6974 8037
6980 7214
6983 7143
6984 8365
6985 9280
6988 7281
6988 9155
6991 7381
6991 7358
6995 8746
6996 9167
6998 7489
7000 9591
7001 8631
7002 8151
7006 8922
7010 9086
7013 7251
7014 7233
7014 7495
7015 9816
7017 7228
7018 9568
7020 7956
7020 7918
7022 8735
7024 7857
7025 8467
7026 7141
7027 9825
7027 7683
7028 7478
7030 9411
7031 7915
7033 7250
7039 8891
7039 7981
7040 7166
7041 8463
7042 8595
7043 8863
7044 7609
7044 7347
7046 9528
7046 7701
7049 8673
7049 8306
7050 8626
7050 8309
7053 8873
7055 9878
7058 7450
7058 8533
7062 7171
7068 9461
7070 9232
7071 7275
7071 8013
7074 7821
7075 9744
7076 7575
7077 9637
7078 7815
7079 8906
7081 7260
7082 8916
7082 9133
7085 9298
7086 9972
7088 8243
7088 8868
7090 7589
7091 9976
7092 8934
7093 9834
7095 7775
7096 9785
7097 7659
7098 7400
7102 9752
7103 8001
7104 7960
7105 7783
7106 7748
7110 9629
7110 7982
7111 9977
7112 8017
7112 8729
7113 7202
7117 8251
7122 9581
7124 7881
7125 9839
7126 7977
7127 9673
7127 8779
7130 9636
7131 7305
7132 9481
7137 9812
7140 7722
7142 7448
7142 7647
7143 9559
7144 9562
7145 7737
7149 8638
7151 7769
7153 8277
7153 8790
7154 8114
7158 9957
7159 8412
7163 7775
7169 7187
7170 7754
7172 9447
7173 8158
7175 9907
7179 7723
7180 7753
7181 7270
7183 9994
7183 7710
7184 8680
7185 8379
7189 9574
7190 9948
7193 9371
7196 9782
7197 9420
7198 8587
7200 7718
7205 9806
7208 9964
7212 9906
7213 7583
7215 9377
7219 9496
7227 8691
7229 8269
7230 8043
7231 9153
7235 8578
7239 9633
7241 8448
7243 8515
7244 7581
7249 8500
7249 7278
7250 8226
7252 7339
7253 8016
7253 8071
7254 8879
7255 9794
7256 7707
7258 7684
7259 9265
7260 8855
7263 9603
7265 9267
7265 8708
7266 8153
7268 8617
7269 9490
7269 8267
7271 8795
7273 8202
7274 8921
7274 9430
7275 8510
7276 8528
7277 7962
7278 7596
7279 7401
7280 9984
7280 9649
7282 9422
7282 9566
7283 8601
7288 7806
7290 9734
7291 7445
7293 9795
7298 7469
7299 7968
7301 8950
7303 9087
7304 9467
7305 8695
7307 8269
7309 8530
7310 8663
7313 8813
7315 8227
7318 9758
7320 7607
7323 9557
7326 7421
7329 9544
7329 7597
7330 9542
7332 7762
7335 9377
7338 7458
7339 9171
7340 7849
7342 8158
7343 7654
7347 7467
7348 9339
7349 8201
7351 7863
7353 8649
7354 8096
7356 7995
7356 9189
7360 8232
7363 8310
7364 8927
7366 8049
7369 9226
7373 9296
7376 8531
7377 8791
7378 8120
7380 8514
7380 9218
7381 9334
7382 9258
7382 8602
7385 8022
7387 7911
7388 7856
7388 9823
7389 8765
7390 9675
7391 9843
7391 9543
7393 7554
7394 7683
7394 9563
7395 9145
7395 8857
7397 8535
7399 9067
7401 8062
7403 7594
7404 9963
7406 7682
7408 7570
7411 8045
7416 7616
7418 9607
7421 8807
7423 9791
7425 9538
7425 7430
7427 7635
7427 9927
7429 8591
7430 7475
7431 9365
7433 7462
7434 9466
7435 9643
7437 9233
7438 7939
7439 7996
7441 9970
7441 7741
7443 7592
7443 9659
7445 8494
7448 9793
7448 7647
7451 9499
7453 9074
7456 9097
7459 9484
7461 9803
7463 8715
7465 7614
7466 8721
7470 7844
7474 9436
7475 9306
7476 9009
7476 8564
7477 8095
7479 9538
7480 8311
7483 8711
7486 8279
7488 8475
7489 7893
7493 9617
7496 7904
7499 8250
7499 7829
7501 9144
7503 7965
7504 9685
7504 9838
7509 8954
7510 7913
7510 8708
7511 8358
7512 8141
7512 7910
7514 9366
7516 8981
7517 7536
7518 9992
7519 7752
7519 9134
7521 7595
7522 9851
7522 9052
7525 9092
7531 8558
7531 9567
7532 7809
7536 9242
7538 7750
7539 8527
7540 9208
7542 9373
7543 8750
7547 8810
7547 9351
7550 7838
7557 9912
7558 9248
7559 9353
7561 8901
7563 7816
7565 8797
7568 8521
7572 9855
7573 8020
7575 8573
7576 7649
7581 8300
7583 8828
7584 9875
7585 8092
7589 9715
7590 9901
7593 8889
7596 8806
7598 8668
7601 7620
7603 9897
7604 7746
7605 9971
7606 8764
7608 9870
7609 9586
7610 7638
7611 8120
7611 8779
7612 8539
7615 8218
7622 8259
7623 9702
7624 8098
7627 7947
7627 9038
7628 9933
7630 8354
7632 9082
7636 9066
7642 8773
7645 9656
7648 8731
7652 8099
7652 7852
7664 8381
7667 7792
7667 8424
7668 7961
7668 9513
7672 9751
7673 9012
7678 9021
7680 9413
7681 9176
7683 9320
7685 8421
7691 8431
7692 8180
7694 7865
7695 8520
7696 8978
7697 9240
7697 8551
7699 9522
7702 8216
7705 9311
7717 9319
7718 9166
7719 9546
7723 9209
7729 8736
7729 9611
7731 8024
7731 7911
7734 8902
7735 8776
7735 8481
7740 9061
7741 7950
7742 9537
7743 8910
7745 9420
7757 8689
7759 8651
7760 9666
7767 8516
7771 9756
7772 8702
7790 8281
7796 9510
7799 8974
7800 9796
7801 9023
7802 9607
7806 9149
7811 9199
7812 9486
7814 9188
7816 9719
7817 8488
7819 8331
7825 9373
7830 8251
7832 9473
7833 8744
7835 9227
7850 8336
7851 8093
7853 9512
7859 9125
7866 8758
7867 9099
7867 8363
7868 9354
7870 9342
7878 7919
7883 8018
7883 8506
7887 9079
7889 8012
7894 8881
7897 8926
7898 8757
7899 9185
7902 8651
7903 9416
7905 8361
7905 8522
7910 8141
7912 8406
7916 8410
7917 7978
7918 9718
7920 9291
7920 9775
7922 8537
7924 9116
7927 8635
7928 9493
7929 8541
7932 9241
7932 9207
7933 9228
7935 8466
7935 9019
7936 8330
7937 8980
7938 8997
7939 8771
7940 9514
7942 9848
7943 9640
7944 7960
7946 8616
7957 9172
7958 9694
7959 9696
7959 9724
7959 9189
7967 8184
7967 8513
7970 9047
7972 8998
7975 8430
7976 9231
7980 8069
7984 9616
7984 9641
7988 8386
7990 8287
7992 8876
7993 8677
8003 8377
8005 9260
8007 9722
8008 8483
8012 9292
8015 8341
8016 9526
8023 9444
8024 8875
8025 9874
8026 8553
8027 8398
8028 9552
8031 9224
8035 9817
8036 9427
8037 9393
8038 8129
8039 8541
8040 9151
8043 8083
8046 9338
8047 9975
8049 8968
8051 9988
8052 8492
8054 9773
8056 8477
8059 8503
8060 8881
8064 8647
8065 9224
8065 8247
8070 9361
8071 9554
8073 8407
8079 9882
8079 9814
8081 9733
8082 9393
8082 9199
8084 9301
8085 8995
8090 9381
8091 9525
8093 9867
8097 9418
8104 9071
8107 8191
8108 9684
8111 9411
8112 9174
8113 8750
8115 8705
8117 8458
8118 8384
8118 8933
8122 9387
8122 8140
8125 9154
8127 8886
8128 9890
8134 9973
8136 8493
8139 9462
8142 9980
8144 8792
8144 8517
8145 9441
8146 9826
8148 8405
8151 8955
8154 9844
8155 9707
8157 9573
8162 9422
8163 8843
8165 8895
8168 9113
8170 9139
8172 9609
8173 9532
8174 9010
8182 9412
8183 9717
8188 9385
8189 9182
8190 8941
8194 8380
8199 9765
8200 9998
8201 9585
8206 9102
8208 9015
8208 9479
8209 8841
8210 9348
8210 9709
8213 8783
8215 9489
8215 8396
8222 8577
8222 8293
8227 8976
8228 9819
8230 8805
8231 8362
8239 9085
8239 8533
8241 9165
8242 9088
8244 9423
8244 9215
8250 8540
8254 8657
8260 8508
8262 9493
8263 8723
8267 8891
8270 9517
8271 9036
8275 9736
8277 9705
8285 8860
8286 9289
8290 9475
8291 9850
8291 8819
8292 9080
8296 9712
8306 9400
8316 9170
8317 9727
8319 9401
8323 8953
8324 9239
8337 8905
8345 8784
8350 8450
8351 9042
8354 8737
8355 9974
8359 8952
8366 8375
8367 9345
8368 9297
8371 8449
8373 9993
8379 9564
8381 9778
8385 9299
8387 8777
8389 9793
8390 9272
8390 9726
8393 9651
8397 8800
8399 8996
8400 9603
8400 9439
8406 9324
8411 9669
8415 9885
8418 8678
8423 9286
8424 9263
8436 8874
8437 9180
8437 9956
8438 8724
8440 9302
8447 9109
8452 9763
8455 8596
8458 9347
8463 9235
8470 8656
8471 8781
8476 8913
8479 8761
8479 9470
8489 9161
8489 8638
8490 9339
8492 8559
8495 8795
8499 9802
8504 9905
8504 8981
8511 9976
8511 9029
8514 8834
8515 8730
8518 9658
8523 9034
8527 9187
8530 9485
8532 9174
8535 8743
8536 8740
8538 9286
8540 8967
8544 9340
8545 8923
8548 8616
8551 9240
8551 8602
8555 9104
8555 9622
8557 9140
8557 9021
8564 8605
8570 8792
8576 8675
8580 9206
8584 9256
8585 9179
8587 9303
8590 9492
8596 8873
8600 8975
8603 9369
8604 9241
8604 9812
8608 8630
8611 9025
8614 9211
8628 9071
8632 9979
8635 8823
8636 9426
8647 8810
8648 9234
8650 9616
8652 9645
8654 8712
8658 9745
8660 9684
8662 9687
8663 9965
8666 9578
8674 9080
8678 9298
8679 8852
8681 9674
8690 9655
8704 9879
8707 9920
8735 9528
8738 9305
8746 9434
8752 9160
8755 9706
8755 9910
8759 9830
8759 9191
8767 9783
8768 9118
8774 9166
8775 9745
8776 9864
8782 8865
8786 9535
8788 8893
8801 9379
8814 9701
8815 8934
8818 9553
8822 9014
8825 9980
8829 9113
8831 9708
8835 9251
8838 9294
8842 9667
8854 9164
8862 9457
8877 9315
8877 9419
8880 9708
8880 9918
8889 9682
8892 9811
8896 9583
8907 9537
8910 9327
8916 9433
8918 9453
8924 9863
8931 9330
8933 9610
8936 9788
8937 9172
8940 9726
8943 9519
8949 9860
8951 9310
8957 9117
8959 9009
8960 9614
8962 9876
8964 9951
8969 9034
8973 9753
8973 9995
8986 9234
8992 9507
8993 9412
8994 9331
8995 9904
8998 9907
8999 9533
8999 9525
9000 9198
9004 9406
9018 9883
9026 9543
9029 9041
9040 9869
9041 9322
9045 9621
9047 9700
9055 9670
9057 9687
9060 9600
9068 9448
9082 9694
9085 9868
9090 9456
9100 9572
9100 9397
9104 9877
9119 9261
9121 9606
9122 9192
9139 9305
9149 9279
9159 9332
9173 9403
9175 9566
9176 9581
9177 9915
9181 9929
9188 9574
9189 9724
9190 9718
9194 9746
9198 9557
9202 9230
9204 9257
9252 9532
9259 9325
9265 9915
9268 9732
9269 9672
9271 9449
9279 9806
9282 9649
9282 9777
9288 9648
9293 9965
9299 9478
9307 9360
9313 9352
9323 9462
9326 9330
9369 9454
9372 9655
9375 9628
9382 9972
9382 9797
9395 9895
9406 9693
9413 9506
9423 9816
9431 9496
9431 9604
9436 9714
9442 9505
9453 9725
9470 9743
9479 9495
9483 9675
9487 9844
9503 9931
9507 9958
9524 9704
9527 9593
9545 9592
9556 9598
9582 9696
9588 9632
9596 9672
9613 9792
9615 9662
9620 9721
9620 9805
9626 9997
9645 9934
9679 9738
9695 9910
9701 9946
9767 9896
9799 9835
9840 9948
9872 9951
9932 9998
