1000 1017
0 747
0 238
1 450
1 359
2 545
2 180
3 267
3 310
4 779
4 325
5 883
5 155
6 974
6 783
7 891
7 134
8 922
8 53
9 825
9 126
10 507
10 710
11 333
11 655
12 266
12 554
13 977
13 726
14 584
14 553
15 370
15 437
16 200
16 605
17 864
17 852
18 553
18 467
19 888
19 522
20 544
20 299
21 721
21 486
22 170
22 226
23 337
23 819
24 225
24 923
25 938
25 594
26 730
26 572
27 784
27 566
28 832
28 304
29 696
29 302
30 34
30 914
31 873
31 290
32 717
32 94
33 873
33 589
34 772
35 114
35 626
36 789
36 319
37 288
37 490
37 880
37 144
38 997
38 877
39 769
39 662
40 601
40 479
41 620
41 861
42 708
42 348
43 723
43 351
44 457
44 643
45 442
45 803
46 952
46 815
47 457
47 197
48 176
48 329
49 818
49 613
50 635
50 215
51 338
51 79
52 500
52 191
53 136
54 192
54 99
55 448
55 697
55 155
55 852
56 355
56 108
57 208
57 667
58 698
58 524
59 738
59 796
60 216
60 906
61 113
61 941
62 100
62 289
62 506
62 756
63 842
63 700
64 85
64 565
65 157
65 246
66 820
66 406
67 913
67 876
68 627
68 77
69 747
69 630
70 590
70 839
71 520
71 548
72 324
72 494
73 555
73 229
74 732
74 357
75 943
75 959
76 440
76 676
77 561
78 209
78 686
79 369
80 341
80 982
81 640
81 99
82 795
82 551
83 802
83 559
84 858
84 396
85 912
86 724
86 916
87 693
87 607
88 970
88 410
89 813
89 549
90 705
90 141
91 188
91 719
92 148
92 598
93 882
93 836
94 563
95 972
95 518
96 289
96 433
97 685
97 607
98 222
98 775
100 505
101 446
101 935
102 416
102 271
103 235
103 279
104 558
104 190
105 328
105 485
106 424
106 846
107 969
107 513
108 111
109 821
109 662
110 800
110 115
111 599
112 680
112 247
113 257
114 770
115 459
116 426
116 449
116 634
116 928
117 250
117 198
118 330
118 583
119 186
119 198
120 548
120 309
121 248
121 209
122 600
122 175
123 830
123 295
124 270
124 135
125 925
125 862
126 344
127 252
127 367
128 589
128 790
129 993
129 285
130 156
130 484
130 966
130 431
131 504
131 539
132 314
132 637
133 634
133 397
134 219
135 556
136 648
137 497
137 207
138 322
138 767
139 770
139 430
140 872
140 744
141 684
142 212
142 356
143 374
143 254
144 490
144 260
144 758
145 865
145 655
146 392
146 819
147 832
147 435
148 326
149 395
149 759
150 561
150 918
151 306
151 668
152 980
152 383
153 388
153 525
154 506
154 549
156 226
156 300
156 431
157 776
158 635
158 391
159 977
159 583
160 385
160 252
161 384
161 269
162 980
162 238
163 981
163 182
164 843
164 775
165 920
165 293
166 616
166 301
167 200
167 463
168 498
168 604
169 924
169 405
170 196
171 592
171 646
172 414
172 623
173 587
173 701
174 899
174 847
175 205
176 903
177 657
177 870
178 892
178 367
179 335
179 311
180 259
181 664
181 791
182 218
183 202
183 460
184 728
184 342
185 777
185 444
186 804
187 803
187 357
188 890
189 472
189 201
190 468
191 796
192 316
193 682
193 499
194 402
194 268
195 373
195 214
196 664
197 438
199 211
199 262
201 856
202 968
203 609
203 297
204 360
204 646
205 338
206 568
206 491
207 842
208 895
210 745
210 491
211 933
212 615
213 619
213 381
214 699
215 868
216 280
217 497
217 557
218 458
219 987
220 810
220 261
221 836
221 318
222 715
223 379
223 820
224 632
224 320
225 967
227 764
227 501
228 296
228 511
229 855
230 428
230 639
231 981
231 543
232 284
232 871
233 894
233 711
234 365
234 767
235 278
236 552
236 911
237 576
237 629
239 471
239 535
240 416
240 435
241 417
241 749
242 723
242 661
243 652
243 269
244 544
244 477
245 865
245 276
246 624
247 523
248 617
249 816
249 287
250 412
251 341
251 863
253 757
253 518
254 256
255 641
255 275
256 571
257 420
258 352
258 602
259 935
260 566
261 669
262 320
263 874
263 650
264 536
264 508
265 652
265 774
266 665
267 750
268 345
270 315
271 578
272 934
272 975
273 587
273 510
274 928
274 931
275 327
276 897
277 409
277 675
278 866
279 693
280 603
281 608
281 855
282 915
282 885
283 953
283 612
284 536
285 793
286 304
286 593
287 689
288 415
289 737
289 506
290 707
291 658
291 734
292 870
292 950
293 975
294 880
294 547
295 337
296 439
297 488
298 318
298 878
299 490
300 920
301 733
302 451
303 714
303 892
305 961
305 563
306 688
307 573
307 853
308 441
308 901
309 512
310 537
311 927
312 476
312 692
313 364
313 413
314 847
315 653
316 464
317 860
317 503
319 636
321 475
321 926
322 823
323 994
323 343
324 838
325 446
326 602
327 480
328 768
329 961
330 843
331 421
331 350
332 506
332 580
333 423
334 814
334 807
335 919
336 346
336 671
339 649
339 514
340 490
340 412
342 840
343 521
344 881
345 386
346 833
347 849
347 939
348 928
349 426
349 531
350 453
351 894
352 582
353 417
353 564
354 579
354 527
355 740
356 930
358 996
358 829
359 528
360 609
361 488
361 689
362 666
362 429
363 473
363 445
364 718
365 503
366 971
366 780
368 674
368 878
369 631
370 687
371 386
371 886
372 569
372 677
373 392
374 614
375 456
375 736
376 676
376 788
377 489
377 650
378 594
378 990
379 449
380 496
380 538
381 418
382 986
382 806
383 964
384 866
385 562
387 773
387 983
388 807
389 500
389 863
390 625
390 604
391 862
393 424
393 666
394 929
394 835
395 403
396 681
397 859
398 408
398 725
399 923
399 964
400 672
400 917
401 537
401 827
402 805
403 771
404 792
404 595
405 648
406 993
407 674
407 498
408 538
409 524
410 487
411 746
411 899
413 709
414 801
415 534
418 748
419 864
419 757
420 474
421 841
422 828
422 574
423 482
425 973
425 829
427 797
427 967
428 956
429 455
430 888
430 922
431 771
431 622
432 875
432 679
433 551
434 948
434 591
436 672
436 846
437 852
438 908
439 458
440 541
441 475
442 568
443 461
443 630
444 647
445 675
447 465
447 809
448 795
449 928
449 739
450 702
451 962
452 459
452 839
453 501
454 716
454 871
455 695
456 837
460 643
461 737
462 825
462 908
463 603
464 611
465 963
466 704
466 932
467 782
468 810
469 811
469 644
470 989
470 709
471 905
472 701
473 955
474 519
476 898
477 656
478 577
478 902
479 671
480 997
481 945
481 940
482 903
483 606
483 743
484 659
485 854
486 733
487 939
489 875
492 601
492 844
493 955
493 788
494 644
495 712
495 794
496 778
499 772
502 534
502 575
504 949
505 748
507 691
508 713
509 801
509 565
510 947
511 522
512 633
513 755
514 828
515 798
515 815
516 625
516 631
517 654
517 550
519 957
520 986
521 665
523 736
525 595
526 945
526 974
527 586
528 835
529 576
529 716
530 628
530 588
531 794
532 824
532 762
533 546
533 965
535 654
539 556
540 722
540 702
541 960
542 769
542 831
543 707
545 913
546 759
547 753
550 751
552 834
554 647
555 673
557 560
558 585
559 931
560 941
562 994
564 683
567 973
567 806
569 710
570 571
570 916
572 695
573 983
574 732
575 905
577 904
578 934
579 580
581 936
581 999
582 743
584 703
585 681
586 785
588 816
590 944
591 749
592 889
593 879
596 760
596 605
597 900
597 685
598 895
599 947
600 617
606 649
608 814
610 952
610 876
611 791
612 752
613 620
614 813
615 718
616 729
618 651
618 724
619 965
621 881
621 933
622 660
623 884
624 784
626 817
627 845
628 926
629 919
632 824
633 834
636 959
637 789
638 762
638 859
639 970
640 766
641 896
642 938
642 971
645 768
645 966
651 988
653 752
656 848
657 731
658 890
659 831
660 783
661 799
663 667
663 901
665 927
668 704
669 750
670 857
670 822
673 848
677 989
678 690
678 991
679 719
680 797
682 918
683 985
684 925
686 779
687 728
688 988
690 896
691 714
692 914
694 883
694 765
696 937
697 992
697 722
697 852
698 730
699 949
700 998
703 764
705 907
706 921
706 741
708 885
711 951
712 972
713 854
715 720
717 886
720 776
721 940
725 963
726 962
727 804
727 845
729 760
731 946
734 893
735 912
735 766
738 851
739 902
740 968
741 787
742 800
742 809
744 930
745 872
746 849
751 942
753 982
754 833
754 889
755 978
756 850
758 869
761 869
761 911
763 850
763 838
765 793
773 915
774 827
777 995
778 799
780 884
781 924
781 812
782 785
786 953
786 826
787 956
790 943
792 818
798 910
802 951
805 844
808 976
808 830
811 904
812 936
817 922
821 987
822 874
823 867
826 999
837 954
840 893
841 860
851 984
853 856
857 906
858 958
861 984
867 887
868 937
877 946
879 998
882 954
887 985
891 921
897 976
898 948
900 944
907 992
909 979
909 917
910 978
927 958
929 979
932 950
942 957
960 969
990 995
991 996
