100 109
0 36
0 45
1 2
1 93
2 66
3 80
3 62
4 9
4 52
5 64
5 61
6 73
6 34
6 29
6 71
7 75
7 63
8 41
8 49
8 86
8 60
8 95
9 16
10 98
10 38
11 32
11 68
12 99
12 79
13 40
13 89
14 78
14 95
15 80
15 69
16 53
17 64
17 26
18 51
18 70
19 85
19 54
20 24
20 41
21 65
21 63
22 46
22 23
23 56
24 51
25 48
25 43
26 55
27 83
27 31
28 91
28 45
29 73
29 67
29 55
30 76
30 70
31 42
32 90
33 96
33 39
34 81
35 88
35 57
36 78
37 90
37 83
38 58
39 49
40 76
42 97
43 95
44 88
44 62
46 85
47 65
47 58
48 97
50 92
50 86
52 94
53 67
54 91
56 59
57 77
59 68
60 74
60 77
61 84
66 99
69 72
69 99
69 79
71 94
72 87
73 81
73 92
74 82
75 96
79 82
79 99
84 86
87 93
89 98
