10000 10109
0 8085
0 8534
1 6514
1 9341
2 1961
2 7093
3 7854
3 2159
4 5960
4 2777
5 7730
5 7827
6 1642
6 7551
7 8951
7 5343
8 3293
8 1310
9 4085
9 7150
10 3912
10 5446
11 2649
11 9652
12 724
12 5478
13 8004
13 9061
14 5042
14 23
15 1816
15 3565
16 2640
16 8099
17 3161
17 5667
18 792
18 8289
19 6945
19 2655
20 1802
20 7971
21 5938
21 6652
22 1733
22 8814
23 7068
24 7709
24 4222
25 4400
25 3890
26 7741
26 7615
27 4939
27 8876
28 3528
28 5710
29 3484
29 3476
30 1576
30 4980
31 7890
31 1893
32 5216
32 6842
33 6448
33 6551
34 3057
34 5532
35 2979
35 3795
36 4926
36 6270
37 7963
37 4222
38 8472
38 9186
39 1705
39 9403
40 7246
40 6774
41 6549
41 3663
42 2169
42 70
43 4545
43 4595
44 6011
44 3655
45 8026
45 6829
46 8610
46 2503
47 1129
47 1676
48 3785
48 270
49 454
49 1751
50 8624
50 8839
51 2173
51 871
52 1539
52 2835
53 1088
53 8921
54 113
54 7425
55 2066
55 4543
56 7434
56 4275
57 5473
57 8172
58 5708
58 6574
59 3753
59 721
60 8586
60 8387
61 9181
61 2343
62 6456
62 2273
63 5968
63 7641
64 2147
64 7022
65 7164
65 6654
66 3968
66 7163
67 2259
67 6086
68 7521
68 1135
69 3316
69 8183
70 1061
71 8755
71 2855
72 7050
72 2719
73 3627
73 7559
74 4680
74 1525
75 3436
75 7676
76 2800
76 8727
77 5856
77 608
78 490
78 1764
79 3219
79 4821
80 761
80 5260
81 1219
81 8269
82 7499
82 9781
83 6157
83 5238
84 3616
84 5072
85 4409
85 5803
86 5341
86 3637
87 8585
87 7722
88 3407
88 3599
89 1771
89 6461
90 3072
90 2538
91 202
91 5987
92 1291
92 4806
93 6451
93 8175
94 6049
94 9522
95 8238
95 702
96 3688
96 2574
97 8108
97 9948
98 8762
98 4423
99 2433
99 1335
100 2547
100 4565
101 6968
101 2075
102 4498
102 2051
103 169
103 6391
104 305
104 6475
105 7720
105 8061
106 3560
106 866
107 6096
107 2119
108 3068
108 3285
109 4902
109 8079
110 4784
110 9940
111 9394
111 9476
112 2345
112 9706
113 8408
114 6590
114 6335
115 8116
115 3789
116 8413
116 9045
117 234
117 7436
118 7441
118 8707
119 1851
119 9789
120 7690
120 5651
121 1382
121 2991
122 6955
122 1047
123 5729
123 4639
124 4808
124 5897
125 4542
125 7815
126 6483
126 8541
127 2452
127 7215
128 6603
128 3860
129 8987
129 9821
130 2746
130 8620
131 9360
131 6036
132 4552
132 2329
133 5546
133 7317
134 6269
134 1829
135 480
135 4826
136 7289
136 4926
137 1865
137 8205
138 3461
138 7902
139 2513
139 9412
140 6416
140 8711
141 209
141 5933
142 7777
142 2399
143 2016
143 9743
144 6651
144 5405
145 147
145 6390
146 5273
146 9717
147 2533
148 753
148 8165
149 4058
149 9085
150 4754
150 5853
151 9537
151 8211
151 2956
151 2406
152 2696
152 2897
153 4090
153 1571
154 6840
154 3643
155 4629
155 6318
156 5113
156 9738
156 5801
156 9318
157 5889
157 8530
158 8628
158 5300
159 8304
159 5054
160 4856
160 3201
161 4077
161 6742
162 1600
162 4298
163 3705
163 3677
164 9009
164 9291
165 1043
165 7533
166 211
166 6527
167 2280
167 1485
168 8016
168 7187
169 5644
170 4563
170 1701
171 2323
171 7743
172 4185
172 4908
173 3035
173 8559
174 3154
174 2029
175 1873
175 5970
176 792
176 2327
177 6752
177 1390
178 7884
178 2311
179 2683
179 227
180 3505
180 5285
181 2842
181 8845
182 6281
182 1163
183 1843
183 8044
184 9304
184 6217
185 6608
185 7593
186 9576
186 2651
187 1330
187 4611
188 5049
188 3085
189 1224
189 1505
190 1212
190 286
191 8812
191 6933
192 4628
192 3559
193 3970
193 1932
194 7888
194 6958
195 2875
195 9175
196 9826
196 7124
197 6577
197 6201
198 2067
198 9895
199 7459
199 5678
200 1780
200 613
201 9584
201 2912
202 5469
203 1353
203 9582
204 322
204 7276
205 2368
205 7000
206 3405
206 2845
207 8054
207 4263
208 3137
208 3906
209 5774
210 2331
210 7011
211 7524
212 3528
212 5374
213 5599
213 2927
214 7777
214 5687
215 8776
215 3178
216 8573
216 3751
217 8137
217 2778
217 8635
217 7751
218 5200
218 5811
219 7098
219 4591
220 6816
220 3644
221 5317
221 1942
222 6976
222 2817
223 2127
223 3583
224 364
224 1469
225 4246
225 5223
226 614
226 8663
227 1877
228 2584
228 7635
229 4627
229 8366
230 6266
230 1965
231 496
231 2003
231 6464
231 3798
232 4234
232 988
233 4669
233 9102
234 4770
235 5641
235 7755
236 4674
236 7435
237 7856
237 7762
238 4705
238 4836
239 6851
239 4851
240 4214
240 8278
241 6097
241 2389
242 8668
242 1454
243 3224
243 7268
244 4825
244 7900
245 7892
245 1365
246 3219
246 6143
247 7439
247 9847
248 5283
248 8158
249 1731
249 1012
250 3919
250 8927
251 564
251 8492
252 8844
252 5758
253 6697
253 4476
254 1294
254 4247
255 7041
255 2214
256 8360
256 9882
257 946
257 9383
258 3157
258 4215
259 6354
259 2045
260 6249
260 2860
261 9349
261 8255
262 1724
262 8766
263 6309
263 406
264 417
264 2550
265 2787
265 9605
266 3949
266 7175
267 3042
267 9821
268 9008
268 6779
269 2530
269 7778
270 2448
271 3808
271 5603
271 5508
271 4988
272 6864
272 3771
273 499
273 9871
274 6232
274 3263
275 9402
275 8958
276 1418
276 8533
277 434
277 7148
278 4842
278 1263
279 5192
279 2369
280 4519
280 7607
281 6481
281 2365
282 5761
282 1531
283 7585
283 1703
284 9425
284 4733
285 633
285 1406
286 9146
287 8112
287 3170
288 1097
288 3402
288 4148
288 7327
289 2642
289 644
290 1673
290 9858
291 8928
291 7996
292 2924
292 5172
293 1197
293 4230
294 5808
294 3995
295 6635
295 9380
296 6892
296 3158
297 7030
297 9246
298 5361
298 2106
299 7114
299 4332
300 4178
300 7516
301 5906
301 3646
302 3692
302 5207
303 1256
303 5399
304 3196
304 4132
305 9234
306 3318
306 4726
307 9920
307 5734
308 8440
308 6574
309 1272
309 4616
310 6305
310 2471
311 1674
311 3667
312 1746
312 5902
313 8848
313 7363
314 3562
314 5605
315 1360
315 8028
316 2024
316 5699
317 7158
317 8238
318 7693
318 2405
319 9917
319 2477
320 5054
320 9071
321 1340
321 6822
322 1514
323 3792
323 9395
324 729
324 9325
325 6424
325 5193
326 680
326 6071
327 1073
327 770
328 9448
328 5777
329 5464
329 6213
330 2306
330 9318
330 2507
330 8182
331 4522
331 7614
332 4397
332 6894
333 8824
333 2227
334 8569
334 6515
335 3990
335 3463
336 4653
336 7991
337 6168
337 4527
338 9352
338 9690
339 3650
339 7243
340 5242
340 2019
341 8570
341 1231
342 3040
342 9997
343 2506
343 4421
344 7177
344 7995
345 1416
345 5748
346 406
346 7094
347 6452
347 9365
348 2922
348 3323
349 7255
349 1079
350 7265
350 2907
351 6040
351 6911
352 681
352 9494
353 4742
353 6158
354 6985
354 2515
355 3014
355 6703
356 7432
356 2866
357 4600
357 5742
358 409
358 4758
359 8753
359 2553
360 3888
360 4253
361 6019
361 6388
362 5778
362 858
363 9437
363 1606
364 6073
365 4146
365 4031
366 6248
366 7484
367 9065
367 9684
368 4464
368 2422
369 2740
369 6228
370 4398
370 2662
371 6922
371 2883
372 9197
372 3030
373 3896
373 4543
373 4943
373 8199
374 4883
374 9727
375 7176
375 8701
376 7147
376 7629
377 3745
377 548
378 8164
378 4462
379 2400
379 9066
380 473
380 4844
381 1507
381 6764
382 9701
382 622
383 8501
383 4398
384 8321
384 5748
385 4306
385 707
386 9827
386 3487
387 6274
387 7422
388 5851
388 9295
389 1162
389 6902
390 7134
390 1151
391 1042
391 3339
392 2434
392 9387
393 1132
393 6636
394 801
394 4234
395 7944
395 4933
396 6457
396 1531
397 9904
397 4075
398 2890
398 6822
399 2949
399 8974
400 9970
400 9221
401 7465
401 1678
402 7342
402 6967
403 1433
403 8895
404 3209
404 7339
405 5226
405 2612
407 7707
407 8031
408 4459
408 2868
409 1017
410 3568
410 1202
411 8665
411 1298
412 873
412 6218
413 7153
413 6406
414 3976
414 6280
415 7992
415 875
416 7388
416 5166
417 7027
418 7661
418 8495
419 9288
419 807
420 1522
420 1623
421 1100
421 5622
422 8922
422 1956
423 9182
423 8871
424 8200
424 6983
425 7510
425 1839
426 8971
426 8613
427 5406
427 4751
428 7556
428 4045
429 3524
429 3639
430 3216
430 2288
431 2201
431 5495
432 2419
432 772
433 8341
433 5775
434 3700
435 2441
435 4957
436 9818
436 3014
437 5017
437 7844
438 2940
438 9532
439 5664
439 1637
440 5800
440 3101
441 4173
441 8325
442 5305
442 4121
443 1580
443 4550
444 8305
444 9203
445 6587
445 4381
446 6556
446 9790
447 9874
447 3347
448 1208
448 3377
449 6132
449 9903
450 452
450 9164
451 3374
451 2151
452 7430
453 2284
453 2836
454 8422
455 6842
455 9517
456 4808
456 7348
457 6402
457 4315
458 2840
458 1145
459 7642
459 6698
460 3843
460 1243
461 8626
461 8002
462 1611
462 5703
463 6314
463 974
464 7450
464 9683
464 2003
464 2787
465 3545
465 5741
466 4699
466 4285
467 8786
467 2460
468 5996
468 1013
469 1735
469 5935
470 7513
470 5186
471 4809
471 4011
472 2249
472 7141
473 4984
474 9056
474 4615
475 4864
475 7703
476 6873
476 4814
477 3784
477 7899
478 5418
478 8011
479 8056
479 4508
480 8721
481 1208
481 847
482 3189
482 4151
483 9321
483 6350
484 9875
484 1638
485 9353
485 4410
486 6610
486 7045
487 4690
487 844
488 6169
488 2998
489 2557
489 2679
490 2952
491 3352
491 1070
492 2075
492 7719
493 3840
493 4528
494 9806
494 6367
495 7629
495 831
496 1685
497 7456
497 3411
498 9944
498 2550
499 8086
500 6489
500 3435
501 4086
501 2167
502 2272
502 3905
503 4340
503 3647
504 1908
504 9317
505 7592
505 5435
506 4520
506 7974
507 2120
507 771
508 8362
508 3780
509 3208
509 6772
510 2376
510 4852
511 3276
511 9270
512 8256
512 2257
513 8424
513 6370
514 6430
514 4951
515 8626
515 6772
516 9649
516 4868
517 4897
517 5102
518 4819
518 7236
519 5379
519 1755
520 8970
520 7475
521 3441
521 7599
522 3698
522 7235
523 3921
523 6571
524 6042
524 7013
525 8592
525 4634
526 2628
526 8239
527 9012
527 4494
528 722
528 9818
529 5205
529 1542
530 5213
530 2542
531 8275
531 3966
532 6176
532 1725
533 3552
533 1358
534 8416
534 5684
535 1604
535 8285
536 7740
536 4749
537 6658
537 2635
538 6262
538 6518
539 5605
539 8222
540 3252
540 3924
541 4195
541 821
542 8464
542 7555
543 1369
543 9677
544 8827
544 1774
545 3026
545 3895
546 9481
546 3181
547 1948
547 9607
548 1854
549 8689
549 2074
550 8255
550 1895
551 6784
551 9229
552 9809
552 3443
553 8208
553 4157
554 7548
554 6751
555 2424
555 4062
556 9678
556 2374
557 9510
557 5926
558 9754
558 4707
559 1038
559 727
560 8522
560 6862
561 9448
561 3532
562 8617
562 3995
563 8512
563 5477
564 9353
565 8132
565 6038
566 9779
566 7653
567 5440
567 4692
568 9332
568 2797
569 8593
569 7979
570 5330
570 7954
571 8220
571 6341
572 6984
572 1957
573 7820
573 1886
574 4232
574 3156
575 3651
575 2013
576 3330
576 3445
577 5009
577 8899
578 8308
578 2668
579 3641
579 4551
580 3353
580 3914
581 8516
581 8422
582 4593
582 1395
583 5964
583 5431
584 1834
584 1059
585 9651
585 8163
586 4738
586 2891
587 6050
587 1446
588 3129
588 4490
589 4971
589 2639
590 9124
590 5428
591 5340
591 1902
592 5176
592 4058
593 6935
593 9359
594 2744
594 1874
595 5603
595 4955
595 9052
595 9223
596 2282
596 2117
597 3756
597 2437
598 7224
598 6465
599 7768
599 5817
600 6396
600 8918
601 6618
601 8253
602 5762
602 5310
603 8610
603 1191
604 4764
604 2271
605 2818
605 1307
606 5125
606 615
607 9592
607 2827
608 6301
609 9809
609 945
610 3088
610 5620
611 9265
611 9444
612 6820
612 5878
613 9407
614 5594
615 808
616 8315
616 6823
617 4264
617 7124
618 872
618 4811
619 2409
619 4762
620 2636
620 735
621 6997
621 5967
622 4679
623 7857
623 5625
624 9585
624 1909
625 7403
625 1815
626 2652
626 2727
627 1825
627 9274
628 7259
628 6582
629 8021
629 6125
630 3353
630 5548
631 1322
631 863
632 7747
632 7599
633 9145
634 1724
634 6180
635 1169
635 9922
636 8457
636 4173
637 3032
637 8720
638 1621
638 9501
639 3466
639 5213
640 6268
640 6389
641 9978
641 8559
642 3618
642 2786
643 5130
643 6199
644 8937
645 1022
645 4127
646 3746
646 4415
647 1084
647 1622
648 2385
648 5182
649 2923
649 7189
650 6624
650 1834
651 2789
651 3087
652 3506
652 9963
653 6505
653 8351
654 3922
654 6439
655 4544
655 5454
656 3960
656 2068
657 5065
657 5677
658 4177
658 5708
659 6881
659 6861
660 5648
660 9462
661 834
661 5124
662 7611
662 5972
663 1704
663 7185
664 7220
664 4015
665 7947
665 1413
666 6534
666 6455
667 1898
667 7747
668 4581
668 5231
669 8193
669 8708
670 5235
670 3039
671 9027
671 5189
672 1027
672 6662
673 7281
673 8850
674 788
674 8863
675 9339
675 5188
676 9552
676 5653
677 9384
677 2079
678 3154
678 8698
679 2386
679 4474
680 3529
681 7430
682 8632
682 9498
683 7627
683 6445
684 5114
684 8877
685 8325
685 8407
686 1890
686 1795
687 6188
687 4879
688 6634
688 899
689 5953
689 2791
690 5161
690 8355
691 4200
691 4329
692 8923
692 9877
693 1152
693 4612
694 9347
694 9100
695 5467
695 5683
696 804
696 7983
697 2914
697 7159
698 4730
698 3946
699 1228
699 1229
700 6029
700 9478
701 5194
701 2381
702 5114
703 5812
703 6463
704 5508
704 5844
705 2929
705 1553
706 6972
706 3206
707 5967
708 2811
708 6771
709 8649
709 6375
710 6523
710 1039
711 6379
711 5063
712 2825
712 878
713 8786
713 8973
714 2256
714 6652
715 6715
715 4151
716 7065
716 4620
717 9577
717 6535
718 7761
718 4051
719 4376
719 9673
720 4930
720 5694
721 5118
722 2203
723 8944
723 5707
724 2020
725 9516
725 6942
726 9653
726 7350
727 1153
728 3161
728 4501
729 7885
730 8732
730 8542
731 3828
731 7015
732 1744
732 4701
733 7176
733 748
734 2611
734 9771
734 8027
734 1487
735 4548
736 820
736 5637
737 9533
737 6991
738 2653
738 4991
739 6585
739 2410
740 4917
740 2607
741 9722
741 3395
742 910
742 3038
743 4787
743 3819
744 3485
744 3798
745 7969
745 7361
746 7508
746 5582
747 784
747 7071
748 6915
749 6632
749 9624
750 984
750 3133
751 5041
751 1331
752 9946
752 4662
753 8612
754 7588
754 1092
755 9260
755 8838
756 3384
756 4299
757 916
757 4422
758 8656
758 9927
759 7190
759 2007
760 6059
760 6556
761 4584
762 4256
762 3578
763 8920
763 1682
764 2857
764 6583
765 5312
765 3623
766 9600
766 6267
767 4209
767 998
768 7123
768 4685
769 3155
769 4414
770 1828
771 6481
772 3559
773 1568
773 9391
774 7058
774 2391
775 3702
775 2086
776 7544
776 4268
777 3948
777 3596
778 7206
778 6022
779 1635
779 6724
780 5938
780 3383
781 6913
781 5399
782 5178
782 3382
783 3585
783 9572
784 2560
785 8634
785 9358
786 6513
786 9546
787 3288
787 1412
788 5686
789 6674
789 1389
790 2825
790 5665
791 7010
791 6653
793 2955
793 8815
794 2969
794 3835
795 8600
795 7342
796 2730
796 2340
797 7638
797 7935
798 6986
798 9956
799 6603
799 7167
800 6140
800 2718
801 2884
802 4813
802 9446
803 3280
803 2118
804 9274
805 4889
805 8982
806 1192
806 9905
807 7797
808 3338
809 4405
809 8206
810 8272
810 4014
811 3476
811 7231
812 9245
812 5934
813 7662
813 3583
814 971
814 6205
815 8561
815 1107
816 9104
816 1227
817 7650
817 902
818 5300
818 2463
819 9958
819 8502
820 7885
821 7195
822 7329
822 8859
823 3677
823 7059
823 2076
823 8069
824 1787
824 5204
825 5992
825 8724
826 1801
826 7643
827 2737
827 9500
828 3451
828 9556
829 8762
829 9351
830 1249
830 2074
831 8066
832 6353
832 4388
833 8752
833 2574
834 6721
835 8059
835 3845
836 4128
836 2615
837 2834
837 2287
838 6434
838 2238
839 1048
839 6695
840 1221
840 7542
841 3004
841 5277
842 5289
842 915
843 3655
843 9695
844 9966
845 3608
845 5105
846 3105
846 8493
847 1130
848 4404
848 9934
849 4488
849 3075
850 7268
850 4854
851 4473
851 5555
852 9580
852 1686
853 1549
853 1615
854 3739
854 6559
855 9845
855 6614
856 9264
856 6068
857 1800
857 6607
858 2933
859 6721
859 3468
860 1186
860 4957
861 3756
861 9966
862 4163
862 9158
863 4239
864 6418
864 2723
865 8776
865 8546
866 8939
867 5153
867 2211
868 6701
868 3743
869 8288
869 8509
870 5763
870 6999
871 9788
872 6996
873 2233
874 2803
874 5630
875 6119
876 2524
876 5558
877 6437
877 9030
878 8140
879 8099
879 6334
880 4752
880 9691
881 8730
881 4171
882 3665
882 2364
883 8577
883 7099
884 6794
884 5981
885 3352
885 3347
886 7416
886 2037
887 4749
887 2388
887 4797
887 3086
888 2072
888 1085
889 8796
889 1893
890 9761
890 3943
891 7998
891 1246
892 1402
892 1509
893 8229
893 6518
894 1060
894 2340
895 9356
895 9990
896 7077
896 7631
897 6520
897 2271
898 1448
898 3816
899 7267
900 9018
900 2147
901 8880
901 5115
902 8632
903 7795
903 2534
904 3016
904 6508
905 3421
905 3567
906 2915
906 8907
907 8894
907 6302
908 8897
908 9343
909 6202
909 6018
910 1338
911 6946
911 6757
912 1264
912 9826
913 2218
913 8871
914 1297
914 7414
915 6095
916 5604
917 9065
917 4724
918 4553
918 6939
919 2712
919 4941
920 2528
920 4547
921 1992
921 2201
922 5185
922 8753
923 6922
923 6767
924 6761
924 3695
925 9968
925 7778
926 4035
926 6198
927 9843
927 1675
928 1301
928 7221
929 6524
929 8382
930 5792
930 5879
931 8509
931 8454
932 7140
932 4844
933 7237
933 6526
934 5570
934 5796
935 9492
935 6638
936 8628
936 2606
937 6346
937 6227
938 9688
938 9896
939 1936
939 2483
940 4306
940 2348
941 6561
941 6455
942 7619
942 2703
943 9462
943 7958
944 1756
944 4709
945 7638
946 2796
947 9441
947 9182
948 1374
948 1806
949 1438
949 1631
950 5505
950 6121
951 1350
951 7710
952 9571
952 2531
953 7371
953 3670
954 6363
954 3455
955 2138
955 2811
956 8537
956 7939
957 4394
957 4651
958 6776
958 1031
959 8736
959 6755
960 1660
960 8060
961 4199
961 5511
962 4985
962 9054
963 1634
963 2715
964 2898
964 4191
965 4019
965 7325
966 9641
966 8919
967 3617
967 1563
968 1266
968 6733
969 3397
969 7470
970 3877
970 5453
971 7072
972 9585
972 2237
973 7205
973 1471
974 5545
975 1905
975 9410
976 5954
976 1004
977 2248
977 5039
978 3208
978 9434
978 9299
978 5442
979 4010
979 6059
980 2028
980 7428
981 1593
981 7374
982 6021
982 2406
983 5187
983 4991
984 5019
985 9562
985 4437
986 9034
986 7359
987 8955
987 8324
988 3126
989 5787
989 6621
990 6242
990 7293
991 2540
991 2613
992 7544
992 1396
993 5320
993 1431
994 4676
994 2100
995 4363
995 2771
996 1747
996 4572
997 2272
997 8878
998 4621
999 7809
999 9755
1000 7432
1000 6957
1001 4104
1001 9178
1002 5072
1002 7232
1003 3268
1003 4876
1004 5854
1005 6754
1005 2495
1006 2121
1006 1885
1007 6332
1007 7174
1008 2633
1008 2459
1009 4280
1009 5653
1010 9880
1010 2065
1011 8477
1011 3327
1012 2423
1013 5449
1014 7780
1014 7276
1015 2780
1015 1717
1016 4411
1016 8204
1017 6760
1018 7622
1018 2126
1019 8929
1019 7389
1020 7916
1020 3134
1021 5283
1021 3267
1022 4342
1023 7548
1023 1038
1024 3168
1024 8944
1025 6329
1025 6066
1026 5688
1026 5042
1027 2211
1028 4020
1028 2372
1029 4523
1029 7455
1030 5783
1030 5135
1031 6960
1032 5809
1032 4719
1033 8337
1033 4402
1034 5840
1034 6101
1035 6304
1035 5388
1036 1187
1036 6030
1037 3371
1037 9075
1039 8145
1040 6497
1040 8958
1041 9954
1041 8413
1042 9466
1043 5497
1044 8528
1044 6137
1045 7586
1045 6508
1046 4236
1046 2431
1047 3467
1048 3675
1049 9011
1049 5351
1050 1924
1050 6279
1051 6258
1051 3471
1052 7702
1052 7919
1053 8769
1053 4749
1054 9169
1054 5517
1055 9865
1055 7860
1056 5392
1056 9752
1057 7664
1057 5635
1058 6815
1058 4351
1059 9237
1060 3462
1061 8142
1062 9106
1062 5315
1063 9019
1063 8357
1064 9696
1064 5327
1065 8537
1065 3786
1066 2722
1066 4267
1067 7659
1067 7573
1068 5824
1068 1203
1069 3777
1069 7940
1070 9624
1071 9682
1071 3046
1072 8841
1072 6326
1073 1748
1074 5393
1074 8406
1075 6722
1075 9183
1076 5915
1076 4269
1077 5899
1077 7949
1078 5641
1078 4596
1079 9595
1080 2801
1080 4190
1081 5355
1081 5276
1082 8746
1082 2439
1083 8785
1083 8306
1084 2610
1085 6274
1086 3499
1086 2644
1087 3549
1087 4366
1088 3379
1089 1680
1089 9255
1090 6377
1090 7170
1091 2275
1091 1974
1092 2949
1093 1417
1093 7355
1094 5484
1094 1341
1095 2744
1095 2515
1096 3816
1096 6639
1097 3160
1098 4936
1098 6916
1099 9411
1099 9460
1100 3198
1101 1537
1101 1797
1102 6981
1102 3429
1103 5848
1103 8010
1104 1548
1104 6303
1105 9440
1105 7111
1106 7137
1106 7557
1107 7683
1108 1144
1108 3454
1109 3817
1109 8681
1110 4078
1110 6878
1111 6138
1111 1587
1112 4793
1112 3891
1113 1409
1113 3619
1113 8053
1113 6767
1114 2563
1114 7628
1115 8921
1115 3787
1116 5046
1116 4406
1117 8555
1117 1332
1118 5299
1118 7307
1119 4373
1119 2294
1120 3641
1120 2892
1121 3701
1121 1470
1122 9474
1122 8275
1123 6418
1123 4403
1124 6964
1124 7263
1125 2617
1125 2283
1126 5227
1126 6039
1127 2699
1127 1749
1128 1833
1128 9679
1129 5222
1130 8750
1131 9723
1131 9468
1132 9944
1133 5884
1133 6789
1134 1464
1134 7504
1135 9495
1136 6914
1136 8211
1137 9681
1137 3180
1138 4272
1138 1643
1139 5501
1139 4070
1140 4443
1140 6839
1141 9497
1141 9967
1142 1971
1142 4404
1143 4411
1143 9686
1144 5297
1145 9007
1146 1528
1146 3217
1147 2130
1147 2366
1148 6963
1148 7427
1149 4948
1149 4221
1150 5417
1150 2996
1151 9672
1152 4236
1153 3493
1154 4915
1154 4044
1155 9049
1155 9310
1156 6338
1156 5972
1157 6216
1157 3222
1158 3673
1158 9909
1159 3874
1159 6443
1160 5882
1160 5013
1161 5580
1161 5518
1162 7495
1163 5416
1164 2116
1164 5439
1165 7594
1165 2411
1166 8952
1166 2382
1167 3258
1167 6178
1168 9593
1168 2482
1169 3773
1170 7037
1170 4741
1171 8497
1171 1810
1172 5373
1172 9095
1173 5232
1173 6836
1174 2504
1174 5957
1175 1858
1175 3194
1176 1920
1176 3993
1177 1441
1177 6538
1178 6730
1178 1684
1179 3333
1179 7006
1180 9568
1180 3106
1181 7393
1181 7100
1182 1586
1182 9534
1183 9026
1183 1367
1184 6540
1184 8350
1185 9729
1185 8405
1186 3981
1187 4212
1188 3067
1188 6918
1189 3916
1189 3573
1190 7312
1190 1423
1191 3109
1192 4815
1193 6074
1193 3886
1194 5228
1194 9575
1195 7699
1195 4807
1196 8984
1196 7637
1197 8804
1198 7866
1198 1484
1199 9581
1199 7030
1200 6144
1200 5911
1201 8736
1201 4588
1202 6727
1203 6423
1204 8616
1204 3538
1205 8548
1205 3590
1206 8184
1206 6494
1207 6369
1207 6578
1208 1356
1208 4615
1209 1211
1209 8788
1210 7896
1210 8216
1211 9916
1212 8891
1213 8704
1213 3359
1214 9340
1214 1702
1215 2675
1215 6534
1216 8956
1216 9804
1217 2512
1217 7171
1218 8473
1218 2919
1219 1585
1220 4074
1220 2930
1221 6884
1222 3464
1222 5295
1223 8090
1223 9974
1224 1566
1225 8401
1225 1925
1226 7343
1226 7623
1227 2532
1228 9589
1229 6871
1230 1962
1230 5730
1231 7135
1232 4496
1232 9327
1233 8754
1233 2615
1234 1496
1234 7684
1235 7148
1235 6726
1236 1773
1236 5590
1237 2856
1237 2118
1238 1570
1238 5076
1239 1553
1239 4308
1240 1729
1240 4371
1241 2043
1241 5830
1242 9143
1242 1743
1243 7737
1244 2853
1244 9807
1245 9145
1245 2812
1246 9924
1247 3491
1247 6887
1248 5881
1248 9445
1249 5646
1250 6555
1250 8287
1251 9418
1251 3085
1252 8496
1252 3837
1253 6094
1253 6007
1254 9427
1254 9757
1255 7625
1255 7789
1256 6310
1257 2292
1257 5453
1258 6304
1258 8094
1259 8666
1259 4243
1260 2822
1260 5159
1261 1354
1261 8518
1262 1960
1262 7387
1263 3974
1264 1767
1265 4948
1265 6959
1266 1993
1267 8048
1267 7955
1268 3732
1268 7719
1269 7386
1269 6395
1270 7088
1270 5662
1271 8705
1271 5847
1272 2233
1273 4467
1273 6109
1274 8843
1274 2014
1275 7049
1275 3703
1276 2450
1276 4559
1277 7608
1277 1828
1278 8213
1278 4527
1279 4648
1279 4667
1280 1811
1280 6070
1281 2145
1281 3345
1282 2770
1282 2157
1283 9953
1283 7935
1284 7378
1284 9116
1285 6660
1285 4326
1286 8140
1286 4780
1287 1502
1287 2038
1288 1480
1288 5422
1289 3309
1289 9591
1290 5992
1290 1839
1291 7633
1291 4198
1291 5503
1292 9730
1292 2403
1293 9881
1293 6340
1294 5078
1295 2369
1295 5825
1296 5452
1296 2974
1297 9108
1298 8456
1299 6459
1299 7717
1300 4795
1300 4679
1301 1759
1302 8187
1302 3038
1303 8832
1303 8442
1304 3632
1304 7958
1305 6691
1305 8454
1306 9016
1306 4237
1307 4994
1308 5480
1308 3511
1309 8640
1309 6351
1310 6768
1311 4578
1311 6638
1312 4819
1312 3159
1313 8779
1313 1391
1314 9449
1314 4634
1315 5426
1315 3983
1316 5357
1316 4367
1317 7072
1317 8646
1318 9324
1318 4206
1319 4490
1319 1732
1320 6069
1320 8607
1321 4074
1321 3871
1322 8766
1323 9874
1323 6150
1324 3262
1324 2927
1325 3058
1325 8838
1326 8578
1326 2303
1327 2017
1327 1646
1328 2692
1328 4495
1329 1837
1329 9687
1330 3220
1331 6360
1332 8489
1333 5787
1333 3661
1334 7275
1334 8643
1335 6990
1336 2033
1336 3363
1337 5568
1337 3180
1338 2392
1339 5489
1339 3228
1340 4935
1341 6448
1342 6664
1342 3001
1343 1762
1343 3027
1344 1636
1344 2687
1345 9242
1345 8447
1346 9777
1346 4166
1347 6946
1347 9999
1348 6025
1348 3507
1349 3629
1349 3663
1350 9044
1351 5288
1351 7718
1352 2330
1352 9685
1353 5157
1354 4197
1355 4337
1355 1402
1356 6657
1356 6692
1356 7255
1357 8863
1357 9199
1358 6704
1359 5088
1359 6606
1360 4035
1361 6864
1361 8279
1362 6336
1362 3168
1363 8904
1363 2099
1364 9625
1364 6511
1365 3699
1366 4696
1366 6466
1367 1392
1368 6940
1368 4469
1369 2637
1370 4249
1370 3077
1371 6112
1371 2060
1372 7344
1372 3824
1373 8722
1373 7930
1374 2469
1375 6473
1375 8607
1376 6087
1376 7919
1377 6875
1377 7454
1378 7100
1378 4597
1379 9762
1379 2628
1380 7713
1380 7458
1381 4027
1381 3007
1382 8959
1383 4106
1383 1564
1384 7722
1384 7988
1385 4898
1385 8452
1386 8770
1386 7066
1387 7589
1387 3726
1388 4392
1388 3487
1389 9111
1390 2084
1391 4989
1392 9466
1393 5465
1393 4601
1394 5840
1394 9955
1395 4485
1396 8924
1397 3667
1397 4127
1398 8954
1398 5556
1399 1862
1399 3407
1400 9512
1400 3836
1401 6465
1401 5420
1403 4681
1403 7586
1404 6478
1404 2246
1405 1928
1405 8819
1406 2880
1407 7766
1407 7071
1408 5995
1408 5819
1409 8912
1409 6464
1409 2301
1410 9620
1410 2700
1411 4992
1411 6463
1412 9912
1413 5062
1414 7650
1414 9619
1415 7865
1415 7397
1416 5280
1417 8764
1418 1421
1419 4624
1419 2941
1420 4155
1420 6543
1421 4018
1422 8978
1422 1766
1423 8060
1424 4928
1424 9194
1425 8459
1425 8115
1426 3188
1426 4093
1427 6052
1427 6893
1428 4034
1428 7066
1429 8400
1429 6657
1429 3402
1429 4271
1430 9786
1430 8855
1431 5970
1432 7154
1432 5486
1433 6101
1434 3345
1434 2609
1435 9059
1435 5372
1436 5104
1436 4200
1437 8250
1437 2022
1438 8137
1439 6342
1439 9630
1440 4753
1440 6837
1441 5682
1442 7973
1442 9254
1443 4585
1443 3747
1444 9149
1444 8390
1445 4840
1445 4071
1446 7348
1447 7264
1447 2367
1448 5625
1449 2676
1449 8438
1450 5948
1450 5926
1451 4108
1451 2727
1452 6316
1452 3927
1453 4320
1453 2677
1454 5867
1455 3901
1455 2471
1456 2792
1456 3714
1457 7630
1457 8398
1458 9643
1458 8420
1459 3457
1459 2187
1460 3472
1460 4129
1461 5186
1461 9195
1462 4458
1462 4309
1463 1584
1463 9759
1464 7099
1465 1706
1465 8598
1466 8889
1466 7178
1467 2826
1467 4468
1468 5874
1468 5053
1469 6884
1470 2182
1471 9202
1471 7123
1471 7726
1472 6850
1472 8870
1473 4362
1473 8278
1474 3729
1474 8237
1475 4805
1475 5037
1476 5192
1476 7496
1477 1786
1477 8379
1478 9847
1478 8151
1479 2968
1479 7446
1480 3666
1481 9409
1481 6741
1482 1690
1482 7222
1483 8402
1483 5325
1484 3292
1485 1712
1486 5912
1486 5999
1487 9176
1487 2611
1487 9628
1488 1809
1488 2102
1489 9737
1489 5389
1490 8865
1490 3053
1491 9442
1491 7014
1492 3848
1492 1517
1493 5313
1493 9322
1494 5724
1494 2070
1495 8333
1495 8943
1496 5613
1497 5250
1497 5671
1498 3857
1498 7414
1499 6870
1499 4158
1500 5179
1500 7310
1501 7025
1501 8589
1502 6569
1503 7073
1503 4947
1504 1691
1504 1983
1505 8640
1506 5908
1506 3191
1507 9472
1508 5369
1508 9875
1509 1871
1510 7603
1510 5875
1511 3832
1511 2287
1512 9040
1512 3341
1513 4721
1513 9342
1514 7133
1515 6778
1515 8067
1516 8232
1516 6348
1517 7607
1518 5484
1518 6236
1519 1868
1519 3286
1520 5863
1520 1639
1521 5522
1521 2563
1522 2917
1523 5824
1523 3859
1524 4066
1524 2253
1525 7604
1526 2960
1526 8821
1527 6790
1527 5423
1528 1555
1529 4380
1529 4590
1530 5622
1530 1967
1532 9177
1532 7381
1533 5040
1533 5359
1534 9427
1534 9668
1534 6509
1534 2463
1535 6771
1535 6725
1536 2978
1536 3532
1537 9976
1538 5786
1538 2829
1539 6631
1540 3944
1540 5358
1541 7941
1541 3213
1542 6776
1543 7256
1543 8100
1544 4403
1544 6900
1545 1604
1545 7911
1546 9211
1546 9907
1547 4379
1547 2413
1548 5541
1549 2249
1550 8523
1550 4092
1551 5928
1551 3915
1552 5089
1552 7370
1554 4659
1554 2694
1555 5356
1556 7941
1556 6759
1557 1760
1557 7108
1558 2392
1558 2473
1559 7372
1559 7583
1560 7162
1560 7278
1561 2197
1561 1902
1562 8641
1562 3486
1563 2668
1564 2111
1565 2160
1565 9758
1566 4935
1567 2720
1567 4636
1568 1811
1569 5148
1569 9543
1570 5975
1571 3351
1572 9301
1572 9559
1573 6232
1573 1581
1574 5457
1574 1595
1575 9609
1575 9042
1576 5435
1577 9840
1577 9590
1578 5832
1578 8508
1579 6778
1579 5266
1580 2621
1581 4350
1582 3290
1582 2452
1583 8848
1583 7448
1584 8708
1585 9616
1586 2599
1587 7122
1588 3576
1588 5564
1589 8298
1589 8172
1590 7008
1590 3852
1591 4011
1591 2455
1592 9982
1592 8879
1593 5966
1594 5760
1594 3834
1595 4705
1596 4956
1596 3494
1597 3731
1597 2983
1598 6166
1598 6279
1599 2397
1599 7438
1600 7376
1601 1810
1601 5890
1602 6970
1602 9643
1603 6454
1603 5414
1605 6193
1605 2444
1606 1782
1607 4345
1607 5066
1608 3841
1608 2333
1609 4078
1609 3751
1610 5496
1610 7874
1611 6642
1612 3136
1612 7138
1613 6537
1613 8566
1614 5561
1614 7305
1615 5289
1616 5985
1616 2279
1617 9794
1617 6471
1618 5477
1618 3230
1619 7739
1619 4460
1620 9312
1620 4039
1621 2489
1622 6210
1623 3380
1624 5488
1624 9921
1625 4980
1625 8887
1626 5611
1626 3782
1627 5859
1627 4822
1628 2153
1628 9918
1629 8309
1629 9799
1630 6787
1630 8373
1631 5384
1632 3971
1632 5821
1633 6665
1633 9503
1634 6352
1635 3980
1636 2154
1637 3895
1638 3684
1639 9387
1640 3642
1640 7286
1641 4416
1641 6928
1642 5104
1643 8749
1644 9419
1644 3076
1645 5326
1645 4791
1646 6070
1647 7618
1647 3194
1648 5925
1648 9215
1649 4030
1649 4318
1650 3685
1650 6887
1651 2267
1651 8805
1652 3280
1652 5701
1653 5955
1653 7356
1654 7507
1654 7404
1655 5681
1655 2011
1656 7251
1656 2779
1657 4139
1657 5887
1658 2078
1658 9479
1659 9708
1659 8437
1660 3458
1661 9122
1661 4706
1662 6129
1662 9692
1663 7713
1663 8797
1664 6294
1664 8263
1665 8173
1665 4262
1666 8948
1666 3175
1667 8568
1667 8151
1668 7714
1668 2189
1669 6668
1669 7924
1670 4060
1670 9165
1671 5460
1671 4022
1672 2844
1672 4454
1673 2269
1674 8544
1675 1975
1676 9244
1677 2322
1677 4790
1678 5098
1679 9848
1679 9915
1680 9627
1681 9058
1681 6740
1682 2760
1683 4820
1683 9407
1684 7042
1685 4820
1686 8667
1687 2793
1687 7451
1688 4121
1688 6433
1689 7880
1689 3279
1690 9368
1691 4238
1692 2894
1692 8471
1693 4615
1693 5615
1694 5715
1694 5519
1695 1786
1695 2926
1696 9137
1696 5210
1697 6362
1697 5140
1698 1723
1698 2637
1699 7306
1699 2558
1700 6090
1700 8699
1701 8729
1702 3414
1703 2908
1704 2427
1705 4100
1706 5155
1707 2742
1707 3839
1708 1952
1708 3243
1709 5737
1709 4700
1710 6912
1710 7960
1711 4656
1711 5133
1712 9356
1713 9475
1713 3581
1714 3424
1714 8891
1715 5355
1715 7060
1716 7689
1716 7525
1717 2352
1718 6022
1718 8830
1719 3312
1719 9033
1720 9058
1720 3494
1721 9538
1721 5540
1722 9344
1722 4247
1723 7876
1725 9666
1726 8352
1726 4875
1727 6976
1727 8694
1728 9900
1728 3813
1729 2592
1730 4584
1730 1953
1731 5428
1732 4228
1733 4198
1734 9866
1734 7538
1735 3326
1736 6793
1736 5407
1737 2989
1737 2223
1738 5049
1738 5980
1739 2850
1739 6298
1740 4418
1740 8191
1741 8144
1741 8177
1742 4489
1742 6925
1743 4483
1744 3803
1745 6859
1745 4964
1746 9865
1747 9397
1748 9319
1749 3266
1750 7136
1750 7426
1751 6197
1752 6992
1752 5582
1753 8433
1753 6917
1754 2241
1754 7735
1755 9100
1756 5666
1757 5627
1757 9975
1758 4324
1758 2533
1759 8049
1760 4358
1761 5906
1761 3211
1762 9484
1763 4104
1763 6817
1764 2489
1765 4792
1765 3159
1766 7864
1767 8074
1768 8139
1768 6148
1769 5128
1769 6487
1770 2353
1770 2323
1771 3662
1772 9800
1772 7277
1773 3990
1774 3297
1775 7009
1775 7165
1776 7299
1776 6485
1777 3104
1777 9579
1778 4616
1778 5413
1779 6988
1779 7733
1780 9469
1781 2873
1781 6933
1782 2328
1783 7769
1783 6642
1784 7824
1784 5619
1785 2536
1785 2582
1787 9081
1788 6130
1788 4739
1789 3419
1789 7894
1790 7315
1790 4188
1791 3574
1791 8038
1792 5409
1792 7596
1793 5307
1793 8645
1794 6001
1794 4910
1795 6120
1796 7362
1796 8868
1797 6932
1798 4713
1798 8660
1799 7731
1799 1964
1800 3073
1801 6322
1802 2404
1803 3097
1803 6426
1804 3922
1804 7939
1805 9553
1805 7282
1806 9947
1807 6144
1807 4383
1808 4625
1808 6866
1809 3993
1812 3482
1812 7693
1813 3603
1813 8236
1814 5770
1814 5693
1815 3717
1816 5704
1817 6648
1817 3682
1818 2820
1818 7743
1819 9442
1819 1861
1820 8595
1820 7231
1821 6195
1821 7183
1822 4651
1822 7766
1823 9490
1823 2685
1824 3893
1824 9519
1825 8519
1826 6731
1826 8883
1827 3009
1827 6052
1829 1950
1830 9025
1830 6644
1831 8802
1831 4974
1832 6069
1832 7479
1833 5354
1835 5802
1835 5359
1836 2963
1836 2012
1837 8153
1838 7292
1838 5886
1840 2889
1840 3169
1841 6737
1841 9307
1842 7024
1842 6980
1843 4496
1843 9687
1843 5451
1844 7874
1844 4492
1845 6035
1845 2941
1846 3433
1846 8431
1847 6844
1847 4903
1848 7710
1848 1983
1849 3387
1849 4051
1850 5105
1850 5097
1851 2059
1852 3508
1852 3246
1853 4456
1853 5388
1854 7655
1855 9262
1855 6670
1856 4916
1856 6295
1857 5705
1857 9722
1858 4955
1859 9760
1859 3631
1860 4018
1860 3045
1861 3255
1862 3245
1863 2770
1863 9988
1864 5826
1864 3388
1865 4762
1866 8396
1866 9485
1867 6681
1867 2170
1868 4159
1869 4181
1869 9030
1870 4185
1870 3622
1871 8187
1872 5690
1872 3066
1873 5403
1874 3937
1875 3956
1875 5086
1876 3033
1876 2335
1877 5281
1878 2539
1878 3396
1879 4760
1879 2439
1880 6971
1880 9573
1881 5603
1881 7142
1882 7510
1882 7438
1883 7419
1883 8565
1884 8378
1884 9802
1885 9958
1886 6125
1887 4670
1887 6127
1888 9636
1888 4855
1889 8347
1889 3174
1890 2678
1891 8475
1891 4068
1892 3349
1892 7093
1894 4720
1894 4080
1895 2304
1896 6872
1896 3630
1897 3304
1897 9102
1898 5320
1899 9288
1899 9803
1900 6592
1900 3998
1901 7531
1901 2519
1903 6109
1903 5701
1904 5169
1904 9883
1905 8922
1905 2669
1905 6590
1906 9675
1906 7565
1907 9219
1907 7724
1908 9208
1909 7794
1910 8513
1910 5621
1911 3692
1911 5460
1912 4940
1912 3654
1913 4848
1913 5833
1914 7701
1914 7799
1915 4918
1915 9055
1916 9529
1916 8603
1917 8913
1917 8773
1918 7632
1918 6316
1919 9999
1919 9063
1920 7987
1921 5216
1921 8068
1922 7520
1922 2334
1923 8139
1923 3757
1924 8128
1925 9014
1926 4824
1926 9300
1927 9940
1927 6348
1928 2129
1929 8481
1929 5702
1930 3281
1930 8570
1931 3181
1931 3989
1932 7909
1933 8674
1933 8934
1934 8982
1934 2047
1935 5809
1935 8634
1936 7267
1937 7329
1937 2078
1938 5308
1938 3470
1939 7483
1939 4550
1940 2417
1940 2774
1941 3251
1941 7172
1942 5410
1943 8907
1943 5845
1944 4571
1944 3715
1945 5672
1945 6568
1946 9670
1946 9518
1947 7776
1947 7375
1948 7177
1949 7821
1949 6871
1950 7569
1951 8364
1951 5269
1952 5815
1953 5828
1954 9555
1954 6686
1955 9537
1955 6317
1956 8171
1957 8915
1958 5096
1958 7517
1959 9272
1959 9467
1960 6621
1961 9476
1962 9976
1963 6656
1963 9937
1964 7791
1965 3503
1966 5445
1966 8573
1967 7665
1968 7572
1968 3660
1969 3315
1969 9878
1970 3512
1970 7859
1971 2737
1972 8435
1972 5375
1973 4037
1973 3501
1974 7128
1975 5974
1976 4665
1976 3391
1977 4665
1977 8703
1978 7452
1978 5837
1979 3593
1979 7870
1980 2592
1980 7970
1981 8306
1981 3566
1982 3450
1982 4959
1984 2611
1984 5461
1985 4346
1985 4733
1986 8852
1986 2134
1987 7401
1987 2378
1988 7104
1988 2127
1989 6128
1989 9728
1990 6043
1990 7886
1991 4396
1991 6974
1992 6461
1993 9071
1994 6509
1994 7805
1995 7399
1995 2447
1996 7481
1996 4356
1997 9565
1997 4399
1998 7257
1998 5295
1999 2555
1999 6111
2000 4580
2000 6949
2001 7161
2001 8229
2002 8906
2002 9270
2003 8986
2003 6747
2004 6000
2004 8040
2005 6923
2005 7325
2006 7929
2006 2485
2007 3560
2008 4900
2008 4190
2009 3339
2009 3086
2010 8117
2010 8295
2011 5619
2012 5316
2013 6927
2014 7664
2015 6620
2015 4732
2016 5941
2017 5236
2018 4048
2018 9748
2019 7123
2020 6260
2021 2624
2021 3028
2022 3125
2023 5397
2023 2046
2024 7211
2025 6242
2025 3687
2026 8418
2026 3372
2027 3508
2027 4670
2028 5807
2029 6956
2030 5586
2030 3686
2031 9000
2031 5492
2032 9152
2032 2988
2033 9090
2034 2493
2034 4927
2035 2560
2035 4021
2036 5456
2036 8209
2037 8437
2038 6429
2039 5542
2039 9047
2040 3144
2040 5261
2041 5386
2041 2644
2042 6572
2042 6775
2043 7152
2044 6057
2044 2313
2045 4718
2046 2601
2047 5998
2048 6602
2048 4925
2049 2833
2049 9924
2050 3545
2050 7922
2051 8520
2052 8968
2052 9372
2053 4896
2053 7501
2054 5985
2054 2599
2055 7994
2055 3101
2056 4218
2056 4499
2057 8082
2057 8498
2058 5002
2058 6222
2059 3521
2059 5198
2059 2767
2060 8751
2061 7467
2061 5075
2062 5672
2062 6045
2063 2449
2063 9588
2064 5086
2064 7383
2065 6233
2066 6667
2067 8155
2068 8261
2069 8029
2069 5991
2070 2179
2071 6843
2071 2901
2072 2586
2073 8801
2073 8243
2076 5511
2077 8426
2077 4125
2079 7173
2080 4137
2080 2314
2080 2187
2080 4652
2081 3833
2081 5436
2082 8475
2082 9967
2083 9947
2083 7895
2084 8197
2085 5467
2085 2275
2086 7428
2087 3721
2087 9893
2088 4153
2088 2771
2089 9346
2089 2196
2090 5288
2090 9678
2091 8409
2091 4954
2092 3797
2092 9015
2093 7419
2093 6811
2094 4339
2094 9324
2095 6064
2095 9514
2096 4976
2096 2458
2097 6497
2097 5563
2098 8498
2098 4061
2099 6496
2100 5412
2101 6699
2101 5723
2102 2111
2103 4688
2103 6978
2104 3504
2104 4529
2105 8676
2105 7972
2106 3269
2107 5976
2107 2603
2108 9520
2108 5092
2109 3873
2109 9810
2110 3965
2110 8014
2112 5475
2112 9527
2113 2809
2113 3737
2114 7394
2114 6474
2115 2723
2115 4043
2116 6833
2117 2449
2119 6288
2120 8185
2121 9850
2122 3761
2122 3975
2123 3099
2123 5719
2124 9699
2124 9879
2125 7600
2125 2972
2126 6008
2128 6187
2128 6117
2129 3969
2130 8293
2131 4258
2131 8044
2132 8169
2132 9511
2133 7254
2133 3719
2134 5479
2135 8721
2135 2215
2136 3393
2136 2566
2137 2403
2137 3334
2138 4367
2139 2626
2139 5255
2140 5969
2140 3565
2141 5842
2141 6037
2142 9513
2142 5069
2143 9339
2143 9021
2144 4800
2144 4883
2145 7545
2146 8427
2146 4093
2148 7611
2148 4941
2149 4917
2149 7358
2150 5682
2150 7067
2151 2527
2152 6552
2152 3999
2153 2175
2154 9693
2155 7809
2155 5260
2156 9256
2156 2706
2157 7481
2158 7274
2158 9994
2159 8252
2160 3056
2161 9965
2161 4207
2162 9328
2162 7698
2163 2235
2163 2268
2164 5379
2164 8035
2165 9089
2165 5654
2166 8114
2166 9165
2167 7759
2168 7305
2168 3186
2169 9684
2170 5032
2171 5465
2171 6447
2172 7832
2172 7530
2173 7216
2174 8840
2174 3875
2175 4687
2176 2608
2176 4476
2177 2915
2177 2996
2178 9243
2178 9981
2179 7082
2180 4784
2180 5838
2181 8230
2181 5326
2182 4576
2183 2892
2183 2821
2184 8649
2184 6526
2185 2948
2185 7310
2186 6272
2186 8259
2187 4137
2187 9418
2188 5512
2188 8109
2189 2298
2190 7036
2190 3447
2191 4849
2191 6141
2192 4724
2192 2556
2193 3676
2193 3054
2194 2960
2194 9027
2195 6308
2195 4598
2196 5363
2197 7451
2198 5785
2198 3201
2199 3563
2199 4383
2200 6484
2200 9887
2202 9618
2202 3767
2203 9435
2204 6816
2204 2629
2205 8752
2205 5315
2206 9263
2206 7727
2207 7769
2207 4638
2208 4457
2208 5188
2209 3882
2209 7867
2210 7852
2210 2775
2212 8051
2212 7420
2213 7651
2213 4764
2214 8790
2215 8174
2216 7250
2216 4686
2217 3668
2217 7661
2218 5597
2219 4611
2219 8215
2220 7485
2220 4711
2221 7990
2221 7535
2222 2282
2222 5271
2223 7340
2224 8833
2224 5220
2225 4417
2225 6118
2226 3448
2226 5469
2227 8398
2228 8712
2228 4279
2229 5722
2229 7196
2230 7952
2230 6760
2231 6043
2231 9062
2232 6867
2232 8260
2234 7083
2234 2999
2235 8824
2236 9035
2236 3971
2237 4924
2238 4901
2239 4248
2239 5905
2240 8609
2240 4812
2241 9048
2242 4673
2242 8722
2243 7105
2243 5535
2244 7686
2244 4382
2245 4824
2245 5140
2246 5143
2247 8092
2247 9564
2248 5052
2250 8203
2250 6859
2251 2339
2251 5381
2252 7753
2252 8777
2253 4292
2254 5234
2254 9367
2255 9105
2255 9486
2256 8654
2257 3207
2258 2292
2258 3357
2259 4224
2260 5177
2260 5587
2261 3417
2261 8717
2262 4811
2262 7453
2263 5697
2263 3953
2264 7720
2264 4130
2265 7574
2265 8599
2266 9409
2266 7359
2267 3984
2268 3924
2269 5593
2270 9968
2270 8849
2273 3139
2274 6611
2274 8389
2276 2739
2276 4886
2277 7913
2277 3155
2278 6944
2278 3482
2279 2456
2280 9640
2281 9540
2281 9638
2283 4356
2284 4829
2285 3800
2285 5722
2285 7003
2285 2612
2286 3665
2286 7170
2288 5264
2289 5377
2289 6138
2290 6442
2290 3277
2291 4981
2291 8983
2293 9413
2293 8373
2294 7858
2295 6747
2295 7917
2296 3570
2296 4682
2297 8467
2297 6932
2298 7462
2299 8515
2299 3734
2300 9900
2300 7334
2301 8242
2302 6033
2302 8899
2303 4643
2304 3502
2305 3760
2305 2436
2306 5617
2306 5395
2306 8174
2307 8316
2307 7333
2308 3867
2308 8494
2309 9216
2309 9959
2310 9410
2310 7822
2311 6370
2312 5123
2312 8107
2313 9073
2314 3519
2315 9993
2315 9969
2316 4099
2316 6485
2317 8105
2317 3383
2318 3176
2318 4046
2319 5328
2319 5214
2320 6425
2320 8572
2321 6429
2321 3782
2322 3801
2324 3342
2324 3479
2325 2736
2325 8455
2326 4621
2326 3783
2327 8409
2328 4695
2329 3996
2330 3894
2331 4920
2332 2898
2332 4831
2333 6427
2334 3296
2335 3710
2336 7089
2336 3142
2337 8808
2337 2338
2338 3700
2339 6161
2341 5553
2341 3090
2342 4729
2342 3303
2343 8314
2344 9103
2344 6727
2345 6529
2346 4704
2346 9939
2347 7338
2347 7811
2348 3193
2349 7617
2349 4962
2350 6008
2350 9855
2351 3781
2351 4478
2352 4387
2353 4052
2354 8124
2354 6647
2355 3505
2355 6020
2356 6449
2356 4859
2357 9864
2357 8451
2358 9248
2358 9298
2359 9040
2359 7199
2360 8957
2360 9135
2361 2936
2361 3118
2362 7234
2362 6063
2363 8817
2363 5942
2364 6392
2365 8180
2366 7834
2367 2935
2368 9783
2370 7270
2370 7031
2371 7728
2371 6764
2372 7582
2373 6716
2373 2783
2374 8905
2375 9088
2375 2559
2376 3018
2377 7760
2377 9394
2378 3686
2379 2946
2379 8428
2380 5222
2380 5550
2381 8452
2382 6345
2382 4163
2382 5262
2383 8985
2383 8885
2384 5792
2384 3215
2385 5578
2386 5797
2387 3530
2387 4934
2388 9779
2389 5340
2390 9465
2390 9815
2391 5339
2393 8801
2393 7886
2394 9363
2394 9222
2395 5530
2395 4003
2396 3643
2396 8550
2397 5376
2398 3224
2398 5013
2399 2622
2400 8966
2401 5896
2401 8072
2402 3100
2402 4111
2404 8916
2405 2697
2406 3577
2406 8211
2407 8288
2407 5127
2408 8080
2408 9660
2409 4019
2410 7369
2411 2980
2412 6723
2412 8684
2413 4753
2414 5395
2414 4381
2415 4442
2415 6252
2416 5836
2416 7063
2417 4461
2418 8857
2418 5127
2419 4631
2420 8332
2420 8301
2421 5048
2421 8390
2422 7539
2423 5945
2424 8526
2425 3936
2425 8211
2426 9297
2426 4113
2427 8280
2428 6649
2428 4575
2429 3393
2429 6529
2430 5873
2430 3434
2431 9725
2432 4187
2432 8300
2433 8480
2434 9020
2435 5001
2435 6803
2436 7668
2437 4307
2438 5976
2438 4729
2440 2636
2440 4438
2441 6904
2442 9250
2442 5595
2443 8800
2443 3595
2444 2986
2445 3266
2445 6310
2446 3541
2446 8999
2447 9452
2448 4516
2450 6410
2451 4720
2451 4148
2453 7477
2453 8605
2454 7944
2454 6650
2455 9815
2456 7115
2457 5507
2457 7534
2458 7299
2459 6498
2460 3202
2461 7568
2461 2950
2462 9464
2462 8693
2464 6450
2464 9499
2465 5859
2465 6663
2466 7558
2466 4214
2467 8788
2467 7999
2468 7656
2468 2724
2469 7936
2470 4197
2470 7831
2472 3290
2472 9498
2473 8940
2474 2945
2474 6901
2475 8913
2475 7145
2476 6056
2476 9131
2477 4177
2478 5817
2478 9074
2479 9898
2479 3570
2480 5656
2480 3479
2481 4009
2481 6853
2482 5776
2483 2909
2484 7488
2484 4287
2485 3133
2486 7417
2486 7978
2487 5586
2487 9247
2488 5332
2488 7311
2490 8728
2490 8039
2491 3192
2491 5700
2492 3609
2492 7433
2493 5198
2494 7385
2494 4660
2495 6181
2496 3080
2496 3378
2497 6464
2497 2925
2498 9570
2498 7399
2499 7537
2499 9933
2500 3522
2500 4755
2501 3845
2501 7294
2502 8346
2502 8302
2503 8717
2504 6241
2505 7801
2505 9922
2506 5139
2507 8019
2508 3256
2508 4782
2509 6200
2509 8660
2510 6693
2510 9943
2511 4425
2511 8015
2512 6081
2513 5823
2514 4752
2514 7752
2516 9811
2516 5893
2517 2816
2517 8102
2518 5617
2518 8661
2519 7337
2520 9581
2520 7526
2521 4485
2521 5998
2522 8017
2522 2602
2523 9147
2523 5051
2524 3875
2525 3121
2525 2570
2526 8771
2526 5756
2527 6003
2528 8973
2529 7001
2529 9268
2530 7102
2531 4316
2532 4414
2534 8462
2535 6977
2535 5214
2536 2757
2537 4936
2537 5715
2538 8421
2539 6280
2540 8562
2541 9435
2541 5566
2542 6717
2543 9576
2543 8969
2544 8657
2544 5654
2545 4723
2545 8510
2546 5067
2546 7460
2547 7077
2548 9528
2548 7354
2549 8688
2549 9404
2551 6611
2551 5267
2552 5525
2552 6334
2553 3250
2554 5498
2554 9123
2555 3876
2556 6168
2557 4073
2558 4355
2559 5455
2561 2716
2561 3311
2562 7085
2562 3735
2564 2964
2564 4413
2565 4971
2565 6943
2566 5206
2567 5944
2567 8123
2568 5152
2568 9069
2569 3584
2569 2956
2570 8100
2571 6633
2571 9646
2572 4466
2572 7236
2573 9204
2573 3286
2575 5256
2575 7477
2576 9196
2576 2958
2577 4475
2577 7335
2578 9778
2578 6605
2579 3112
2579 6782
2580 4857
2580 8146
2581 7915
2581 4086
2582 7436
2583 8588
2583 9598
2584 6746
2585 8738
2585 5302
2586 4774
2587 7016
2587 9094
2588 3575
2588 8079
2589 8008
2589 2762
2590 9832
2590 6765
2591 5488
2591 3236
2593 9337
2593 4931
2594 9371
2594 2638
2595 4274
2595 5778
2596 8403
2596 5639
2597 4124
2597 3454
2598 7203
2598 9533
2600 2808
2600 6623
2601 4429
2602 6944
2603 6897
2604 8024
2604 7975
2605 2674
2605 5604
2606 8059
2607 6970
2608 5253
2609 8212
2610 4324
2611 7487
2613 8995
2613 2807
2613 5747
2614 9897
2614 8359
2616 5321
2616 8169
2617 8996
2618 7038
2618 8423
2619 8179
2619 9853
2620 9218
2620 3821
2621 7700
2622 7537
2623 5016
2623 3421
2624 7126
2625 7872
2625 5718
2626 8203
2627 6056
2627 6502
2629 3232
2630 5680
2630 5513
2631 9973
2631 4463
2632 8833
2632 3743
2633 7776
2634 6938
2634 5343
2635 5040
2638 6719
2639 4755
2640 9300
2641 5496
2641 6697
2642 5117
2643 8297
2643 8957
2645 4712
2645 4067
2646 3306
2646 6901
2647 7064
2647 9673
2648 6525
2648 8639
2649 6707
2650 2777
2650 5754
2651 9269
2652 8156
2653 8532
2654 6484
2654 4055
2655 2981
2656 8052
2656 7396
2657 3865
2657 9506
2658 8541
2658 9725
2659 4810
2659 2750
2660 6736
2660 3630
2661 4036
2661 6133
2662 6305
2663 3883
2663 7877
2664 4536
2664 4766
2665 9523
2665 5221
2666 2865
2666 6586
2667 4241
2667 4745
2669 8583
2670 6253
2670 3301
2671 3802
2671 5916
2672 2721
2672 8723
2673 8744
2673 5044
2674 9354
2675 7028
2676 8686
2677 8793
2678 6324
2679 9720
2680 9960
2680 7610
2681 3873
2681 4835
2682 8806
2682 3870
2683 8225
2684 7760
2684 4759
2685 8972
2686 3865
2686 5850
2687 9929
2688 8161
2688 6874
2689 7051
2689 6237
2690 4540
2690 8436
2691 6264
2691 4372
2692 5567
2693 9185
2693 9221
2694 7007
2695 8056
2695 4929
2696 9606
2697 5549
2698 4988
2698 6166
2699 8520
2699 2777
2699 3790
2700 4813
2701 8872
2701 5602
2702 7152
2702 6278
2703 6041
2704 8878
2704 2823
2705 7636
2705 5820
2706 9112
2707 8713
2707 7391
2708 7691
2708 5165
2709 8504
2709 9086
2710 4138
2710 6020
2711 3931
2711 4302
2712 8636
2713 7464
2713 3240
2714 9803
2714 8741
2715 6024
2716 9153
2717 7853
2717 9381
2718 7001
2719 4923
2720 3670
2721 6067
2722 3043
2724 3746
2725 9554
2725 3659
2726 4531
2726 3765
2728 3659
2728 3446
2729 7857
2729 2876
2730 6837
2731 5667
2731 7868
2732 5914
2732 6182
2733 4664
2733 7518
2734 6330
2734 4789
2735 2912
2735 4374
2736 3278
2738 8305
2738 4343
2739 6271
2740 9848
2741 3257
2741 4053
2742 7745
2743 5138
2743 7234
2745 5335
2745 4703
2746 7562
2747 9386
2747 7974
2748 9382
2748 6566
2749 4184
2749 8250
2750 3693
2751 6412
2751 5726
2752 4008
2752 4042
2753 7073
2753 8726
2754 4232
2754 5714
2755 6553
2755 5126
2756 4026
2756 4763
2757 8424
2758 7866
2758 6677
2759 3698
2759 8556
2760 4295
2761 8925
2761 7773
2762 2845
2763 4144
2763 8414
2764 9731
2764 6469
2765 9358
2765 3863
2766 4827
2766 5895
2767 7259
2768 9497
2768 3857
2769 6757
2769 5549
2772 6626
2772 8331
2773 4313
2773 9715
2774 9042
2775 6898
2776 8393
2776 3109
2777 8520
2778 9797
2779 2865
2780 8164
2781 8432
2781 5903
2782 4330
2782 3452
2783 5262
2784 2987
2784 8815
2785 5852
2785 7406
2786 6265
2787 9427
2787 7357
2788 4760
2788 8783
2789 9831
2790 5717
2790 8102
2791 7843
2792 8554
2793 8036
2794 8619
2794 7079
2795 3464
2795 8162
2796 7082
2797 7242
2798 4827
2798 2998
2799 2810
2799 6579
2800 7742
2801 6572
2802 3020
2802 3815
2803 3612
2804 3364
2804 8653
2805 6284
2805 6270
2806 5185
2806 7517
2807 9888
2807 6011
2807 3261
2808 9275
2809 3769
2810 6872
2812 6802
2813 8106
2813 8730
2814 9705
2814 2957
2815 9491
2815 5861
2816 7003
2817 9852
2818 9856
2819 7601
2819 6918
2820 9811
2821 4567
2822 5746
2823 8633
2824 3225
2824 2826
2827 2869
2828 5690
2828 3525
2829 9676
2830 4410
2830 4021
2831 7029
2831 7861
2832 9660
2832 8412
2833 9319
2834 4863
2835 5275
2836 4454
2837 5274
2837 4911
2838 9763
2838 3484
2839 8676
2839 3925
2840 4788
2841 8866
2841 6013
2842 9503
2843 5732
2843 5479
2844 3557
2846 5537
2846 6150
2847 4781
2847 8950
2848 4968
2848 5647
2849 8923
2849 8685
2850 7732
2851 9780
2851 7727
2852 6277
2852 8326
2853 7352
2854 6539
2854 8629
2855 6016
2856 4040
2857 5476
2858 3713
2858 8553
2859 4578
2859 9742
2860 8552
2861 8177
2861 9828
2862 5033
2862 7078
2863 3145
2863 3138
2864 3531
2864 5108
2866 9520
2867 9878
2867 3783
2868 6718
2869 8276
2870 9082
2870 3915
2871 3292
2871 6684
2872 9573
2872 9471
2873 7987
2874 2891
2874 7726
2875 4184
2876 6106
2877 7318
2877 4630
2878 8521
2878 6762
2879 8458
2879 3381
2880 9064
2881 3410
2881 4213
2882 9422
2882 3087
2883 6913
2884 6018
2885 8874
2885 7980
2886 7738
2886 3091
2887 6470
2887 3518
2888 3548
2888 5231
2889 7652
2890 7654
2893 7014
2893 9454
2894 4846
2895 4083
2895 6222
2896 6221
2896 4181
2897 7209
2899 5275
2899 9388
2900 3040
2900 4541
2901 5230
2902 8906
2902 3956
2903 4568
2903 7901
2904 3043
2904 6780
2905 8594
2905 5935
2906 4848
2906 6323
2907 7736
2908 3682
2909 9292
2910 9224
2910 8729
2911 3088
2911 4882
2913 3752
2913 3141
2914 4564
2916 6960
2916 6344
2917 6689
2918 9842
2918 3348
2919 4596
2920 5060
2920 5845
2921 4602
2921 7261
2922 5173
2923 6570
2924 9800
2925 5212
2926 5675
2928 4556
2928 4894
2929 9423
2930 7332
2931 5184
2931 6834
2932 9051
2932 9635
2933 4973
2934 3164
2934 2958
2935 9002
2936 7431
2937 3793
2937 3775
2938 6843
2938 4342
2939 7729
2939 6178
2940 6948
2942 4025
2942 5959
2943 3613
2943 4253
2944 8986
2944 9907
2945 7203
2946 3607
2947 4130
2947 6444
2948 8283
2950 5144
2951 5602
2951 4803
2952 8829
2953 5270
2953 8903
2954 9113
2954 7658
2955 7619
2957 9330
2959 8162
2959 6962
2961 3423
2961 8399
2962 8612
2962 8653
2963 7552
2963 8559
2964 8970
2965 5160
2965 9347
2966 3233
2966 4215
2967 7490
2967 8228
2968 9682
2969 6605
2970 4654
2970 5982
2971 9416
2971 3230
2972 5905
2973 4103
2973 7527
2974 5566
2975 5955
2975 4846
2976 4193
2976 3935
2977 7075
2977 9477
2978 3031
2979 3198
2980 3934
2981 6378
2982 4096
2982 3740
2983 5925
2984 9984
2984 9022
2985 5810
2985 8293
2986 8963
2987 7989
2988 4264
2989 4038
2990 6720
2990 9651
2991 8510
2992 3649
2992 6931
2993 6746
2993 4837
2994 5528
2994 5251
2995 6313
2995 7235
2997 8450
2997 6671
2999 8903
3000 6622
3000 9311
3001 6593
3002 4300
3002 7301
3003 8047
3003 9399
3004 3173
3005 9923
3005 7556
3006 3633
3006 7871
3007 8826
3008 3794
3008 5229
3009 3691
3010 7480
3010 9718
3011 9297
3011 7403
3012 3420
3012 7070
3013 8579
3013 3959
3015 4821
3015 4903
3016 8508
3017 7460
3017 5623
3018 8103
3019 6754
3019 5581
3020 8294
3021 5099
3021 4062
3022 6402
3022 9645
3023 4652
3023 9213
3024 8540
3024 5181
3025 7424
3025 3241
3026 6952
3027 7535
3028 4192
3029 6817
3029 7961
3030 4607
3031 8478
3032 5536
3033 8989
3034 9598
3034 9374
3035 4034
3036 4225
3036 4541
3037 4504
3037 3608
3039 5880
3041 7641
3041 3803
3042 9662
3044 8112
3044 7948
3045 5618
3046 3810
3047 9162
3047 5133
3048 7065
3048 3146
3049 9728
3049 5256
3050 7572
3050 3814
3051 9517
3051 6190
3052 5539
3052 6653
3053 4231
3054 4118
3055 6500
3055 3861
3056 8942
3057 9502
3058 6981
3059 5489
3059 4129
3060 8186
3060 4867
3061 8345
3061 4147
3062 5457
3062 3755
3063 8152
3063 9724
3064 6675
3064 4229
3065 5112
3065 6628
3066 7758
3067 8119
3068 5351
3069 5731
3069 9996
3070 8656
3070 8975
3071 6593
3071 5022
3072 3446
3073 7427
3074 4922
3074 6797
3075 8668
3076 3174
3077 5651
3078 3285
3078 6662
3079 4441
3079 6731
3080 6317
3081 3107
3081 5286
3082 8289
3082 3986
3083 6688
3083 6805
3084 9489
3084 3977
3086 4749
3086 5638
3089 4235
3089 5254
3090 3913
3091 5762
3092 7309
3092 7367
3093 8168
3093 3238
3094 6641
3094 5138
3095 7193
3095 6819
3096 5929
3096 7730
3097 5592
3098 6491
3098 5878
3099 5727
3100 6908
3102 9272
3102 5772
3103 4305
3103 3474
3104 5007
3105 6578
3106 3661
3107 4082
3108 8912
3108 4108
3110 6677
3110 6110
3111 9529
3111 8446
3112 4983
3113 6409
3113 3426
3114 4497
3114 4420
3115 8584
3115 8621
3116 9736
3116 7253
3117 4888
3117 3563
3118 8210
3119 6648
3119 9005
3120 7056
3120 5196
3121 9277
3122 4864
3122 8299
3123 7728
3123 6911
3124 6681
3124 4737
3125 8048
3126 9389
3127 7715
3127 8207
3128 4880
3128 4579
3129 4781
3130 8554
3130 8383
3131 6814
3131 6383
3132 4905
3132 4321
3134 3674
3135 9762
3135 6308
3136 5891
3137 3355
3138 8328
3139 5075
3140 6325
3140 7086
3141 6177
3142 4430
3143 9417
3143 9798
3144 3897
3145 8969
3146 4155
3147 6516
3147 4710
3148 9331
3148 5790
3149 6769
3149 5820
3150 8434
3150 3853
3151 8552
3151 4659
3152 6811
3152 3862
3153 5570
3153 9578
3156 8007
3157 5797
3158 8037
3160 3723
3162 6014
3162 4863
3163 6282
3163 3235
3164 8996
3165 9077
3165 3478
3166 7640
3166 5756
3167 6040
3167 7540
3169 3646
3170 4057
3171 4032
3171 9125
3172 8178
3172 9118
3173 6289
3175 7584
3176 8474
3177 5113
3177 3647
3178 7249
3179 7098
3179 9231
3182 8905
3182 6876
3183 5124
3183 3350
3184 6841
3184 3694
3185 6570
3185 3772
3186 4426
3187 5892
3187 5333
3188 7905
3189 5881
3190 6092
3190 8389
3191 6376
3192 5292
3193 5168
3195 7328
3195 6210
3196 9396
3197 9791
3197 6919
3199 6217
3199 5287
3200 8974
3200 5711
3202 5079
3203 4473
3203 7695
3204 7092
3204 5198
3205 7786
3205 7820
3206 6211
3207 9813
3209 8763
3210 9202
3210 7859
3211 7032
3212 7156
3212 4510
3213 6411
3214 7388
3214 9285
3215 4070
3216 6366
3217 4199
3218 9360
3218 5826
3220 5243
3221 5737
3221 3539
3222 4195
3223 9401
3223 4487
3225 6457
3226 4165
3226 9877
3227 9946
3227 7692
3228 8842
3229 5892
3229 4900
3231 9336
3231 4436
3232 3473
3233 7516
3234 5531
3234 7639
3235 8245
3236 7982
3237 6254
3237 4623
3238 4891
3239 5869
3239 5798
3240 4945
3241 3369
3242 6292
3242 7734
3243 4776
3244 8049
3244 7807
3245 9138
3246 9296
3247 5579
3247 9844
3248 3433
3248 7708
3249 8096
3249 4570
3250 5870
3251 8567
3252 6372
3253 7744
3253 4486
3254 9625
3254 9154
3255 7933
3256 5685
3257 4001
3258 4479
3259 9862
3259 9998
3260 8604
3260 7575
3261 8507
3262 4966
3263 7648
3264 4862
3264 5111
3265 9067
3265 8735
3267 6000
3268 4993
3269 4810
3270 3416
3270 8330
3271 9155
3271 5303
3272 3572
3272 5670
3273 6187
3273 7278
3274 9046
3274 9375
3275 8393
3275 9378
3276 6233
3277 7407
3278 7425
3279 9637
3281 5904
3282 3288
3282 4412
3283 4972
3283 3797
3284 7456
3284 5560
3287 7502
3287 4783
3288 5389
3288 6430
3289 8816
3289 8525
3291 8456
3291 4120
3293 5167
3294 5385
3294 3615
3295 3489
3295 6028
3296 5657
3297 7563
3298 9792
3298 5392
3299 6161
3299 9227
3300 8410
3300 8732
3301 9681
3302 5194
3302 3822
3303 5367
3304 8045
3305 4297
3305 3501
3306 3428
3307 3497
3307 7087
3308 5195
3308 6244
3309 8592
3310 8483
3310 9260
3311 9177
3312 6027
3313 5364
3313 6156
3314 6892
3314 5846
3315 4276
3316 8258
3317 9501
3317 6838
3318 5965
3319 7847
3319 3575
3320 7480
3320 8357
3321 7523
3321 3510
3322 7107
3322 7798
3323 8659
3324 5924
3324 8502
3325 6319
3325 6687
3326 6409
3327 6123
3328 7497
3328 7506
3329 4412
3329 4565
3330 9364
3331 6337
3331 6031
3332 3635
3332 5789
3333 6663
3334 4675
3335 7927
3335 9239
3336 7104
3336 9839
3337 8010
3337 9267
3338 8455
3340 6369
3340 6886
3341 3453
3342 4396
3343 4649
3343 9851
3344 4192
3344 6690
3346 5752
3346 6750
3348 4143
3349 7715
3350 6324
3351 7331
3354 9443
3354 6134
3355 4179
3356 5937
3356 7916
3357 4079
3358 3403
3358 4908
3359 5003
3360 7392
3360 7164
3361 3920
3361 6094
3362 8418
3362 7205
3363 5552
3364 5769
3365 6938
3365 9006
3366 6355
3366 8772
3367 6545
3367 7291
3368 9561
3368 4004
3369 5655
3370 7602
3370 7142
3371 6194
3372 6575
3373 3530
3373 9282
3374 4564
3375 5225
3375 4364
3376 5432
3376 7667
3377 5246
3378 4152
3379 6462
3380 4693
3381 7761
3382 7474
3384 6515
3385 6394
3385 6165
3386 4500
3386 3614
3387 6784
3388 7994
3389 3681
3389 3945
3390 7657
3390 5139
3391 5957
3392 9532
3392 8167
3394 3776
3394 6674
3395 6235
3396 4076
3397 8159
3398 8346
3398 5382
3399 9209
3399 4017
3400 8810
3400 9447
3401 3784
3401 7091
3402 4680
3402 8365
3403 9211
3404 9057
3404 9463
3405 8584
3406 7372
3406 8334
3408 6407
3408 8087
3409 4354
3409 7771
3410 7184
3411 5576
3412 4816
3412 6530
3413 3558
3413 9679
3414 6203
3415 3881
3415 5028
3416 5700
3417 7570
3418 5560
3418 3567
3419 8701
3420 8143
3422 7852
3422 4574
3423 7914
3424 4297
3425 4658
3425 5643
3426 9186
3427 7945
3427 7553
3428 4060
3429 7421
3430 9120
3430 6335
3431 9316
3431 5949
3432 7765
3432 4391
3434 7706
3435 5997
3436 5516
3437 5538
3437 6151
3438 6058
3438 7514
3439 3776
3439 4514
3440 5090
3440 4644
3441 7624
3442 4589
3442 6030
3443 6440
3444 5427
3444 6318
3445 4260
3447 9764
3448 6342
3449 6706
3449 4447
3450 5709
3451 7770
3452 8547
3453 5956
3455 4261
3456 9232
3456 6796
3457 8267
3458 9642
3459 9905
3459 5321
3460 7216
3460 6466
3461 7742
3462 6889
3463 6839
3465 7986
3465 8282
3466 9340
3467 6062
3468 7620
3469 5569
3469 6986
3470 9989
3471 6080
3472 7080
3473 3843
3474 8149
3475 9026
3475 9654
3477 9547
3477 9518
3478 9192
3480 8566
3480 5911
3481 9734
3481 8375
3483 8709
3483 5413
3485 8107
3486 5803
3488 8104
3488 3799
3489 4770
3490 8019
3490 4871
3491 6571
3492 4345
3492 5215
3493 7865
3495 9721
3495 6831
3496 7922
3496 6404
3497 8351
3498 8624
3498 7494
3499 9426
3500 7804
3500 4975
3502 4892
3503 4552
3504 3902
3506 4511
3507 4717
3509 6563
3509 9950
3510 4057
3511 7856
3512 5229
3513 5754
3513 9655
3514 8064
3514 6397
3515 6910
3515 7655
3516 8712
3516 6333
3517 9994
3517 5683
3518 8086
3519 4358
3520 4169
3520 6467
3521 5198
3521 8433
3521 9366
3522 7855
3523 9132
3523 5134
3524 9515
3525 7565
3526 4818
3526 8551
3527 5832
3527 8132
3529 9392
3531 7902
3533 8523
3533 9166
3534 5441
3534 9068
3535 7128
3535 7549
3536 9010
3536 5277
3537 3604
3537 9263
3538 8675
3539 6098
3540 7513
3540 6331
3541 7401
3542 4336
3542 7879
3543 7410
3543 4671
3544 7440
3544 8904
3546 4530
3546 9052
3547 7670
3547 8679
3548 5045
3549 5244
3550 3585
3550 4385
3551 7405
3551 7541
3552 6399
3553 6258
3553 4910
3554 9876
3554 8350
3555 7965
3555 8461
3556 8088
3556 5171
3557 3631
3558 4009
3561 4346
3561 4107
3562 6633
3564 5594
3564 7418
3566 9938
3568 6488
3569 7489
3569 7116
3571 8205
3571 5887
3572 5290
3573 7626
3574 3926
3576 9140
3577 5151
3578 9743
3579 6680
3579 5546
3580 8417
3580 6783
3581 9950
3582 6145
3582 7245
3584 6332
3586 8136
3586 9239
3587 4182
3587 4895
3588 4179
3588 5956
3589 9613
3589 6575
3590 5668
3591 4265
3591 7366
3592 4233
3592 9475
3593 6490
3594 8702
3594 9135
3595 6192
3596 9758
3597 7834
3597 6182
3598 9952
3598 5306
3599 8394
3600 8932
3600 3925
3601 7043
3601 9749
3602 8778
3602 4798
3603 8789
3604 9720
3605 5652
3605 7822
3606 9761
3606 5782
3607 8453
3609 3961
3610 8290
3610 5915
3611 9634
3611 5077
3612 8895
3613 8047
3614 8966
3615 5626
3616 8922
3617 8302
3618 8888
3619 9371
3620 7364
3620 9836
3621 9690
3621 9307
3622 9700
3623 6107
3624 9770
3624 9334
3625 3904
3625 5298
3626 7355
3626 6126
3627 5601
3628 4921
3628 6643
3629 9189
3632 3817
3633 3770
3634 7208
3634 9638
3635 5294
3636 5721
3636 4002
3637 5163
3638 9115
3638 4119
3639 3928
3640 4363
3640 5503
3642 6444
3644 3810
3645 8760
3645 7898
3648 4235
3648 7478
3649 4561
3650 6951
3651 8563
3652 5265
3652 9569
3653 6627
3653 6679
3654 6051
3656 5814
3656 8143
3657 8739
3657 8630
3658 7192
3658 8371
3660 7074
3662 6507
3664 4563
3664 5015
3666 4333
3668 8227
3669 8304
3669 5927
3671 6504
3671 7338
3672 4400
3672 8869
3673 7817
3674 9496
3675 8329
3676 5262
3677 4616
3677 9606
3678 3820
3678 6535
3679 4865
3679 7652
3680 3920
3680 4620
3681 9142
3683 9505
3683 8706
3684 6972
3685 8042
3687 4647
3688 8353
3689 9819
3689 9663
3690 9906
3690 6762
3691 3859
3693 5831
3694 4951
3695 5030
3696 7420
3696 9735
3697 8180
3697 6215
3699 9130
3701 3889
3702 9373
3703 6865
3704 7835
3704 8854
3705 8443
3706 6609
3706 4725
3707 6133
3707 8263
3708 8696
3708 5563
3709 8964
3709 7741
3710 5291
3711 7468
3711 5463
3712 7780
3712 4231
3713 6902
3714 5999
3715 4802
3716 5490
3716 6163
3717 6522
3718 3722
3718 7934
3719 5235
3720 8716
3720 4599
3721 7103
3722 7648
3723 4315
3724 9428
3724 4013
3725 5208
3725 9303
3726 3753
3727 4452
3727 5630
3728 5543
3728 8519
3729 4303
3730 5034
3730 6863
3731 8234
3732 4786
3733 4290
3733 6847
3734 5307
3735 5035
3736 6482
3736 4983
3737 4847
3738 8946
3738 3846
3739 8544
3740 4024
3741 4994
3741 7294
3742 8602
3742 5894
3744 7402
3744 8613
3745 7293
3747 4201
3748 8948
3748 7183
3749 9481
3749 7454
3750 5425
3750 9086
3752 3974
3754 5281
3754 6533
3755 7059
3757 7036
3758 7059
3758 9726
3759 5336
3759 8545
3760 4699
3761 3809
3762 4717
3762 8534
3763 6261
3763 7429
3764 8033
3764 3914
3765 9705
3766 7529
3766 9083
3767 9078
3768 6601
3768 7756
3769 6265
3770 5631
3771 6398
3772 4335
3773 9590
3774 7200
3774 6959
3775 5362
3777 5968
3778 9264
3778 9088
3779 7434
3779 8207
3780 3872
3781 7740
3785 7789
3786 6879
3787 4995
3788 8881
3788 6941
3789 4937
3790 8050
3791 4489
3791 6057
3792 9352
3793 5576
3794 4000
3795 6577
3796 8941
3796 7686
3799 8743
3800 4493
3800 6196
3800 5722
3800 6554
3800 8318
3801 9107
3802 8873
3804 8156
3804 7444
3805 4761
3805 5706
3806 6656
3806 4617
3807 4204
3807 6422
3808 8803
3809 7449
3811 8415
3811 5055
3812 7978
3812 5862
3813 5795
3814 5376
3815 7808
3818 7969
3818 7283
3819 7396
3820 6119
3821 4141
3822 6343
3823 6841
3823 8126
3824 9663
3825 7488
3825 5353
3826 9400
3826 6890
3827 9276
3827 4117
3828 7212
3829 6122
3829 7285
3830 5097
3830 4428
3831 8898
3831 4102
3832 4254
3833 3992
3834 5448
3835 4063
3836 9421
3837 6869
3838 8796
3838 5871
3839 8998
3840 4260
3841 5398
3842 8697
3842 5521
3844 7860
3844 7692
3846 6800
3847 4979
3847 7283
3848 8380
3849 7096
3849 6403
3850 9835
3850 5979
3851 4745
3851 9070
3852 4662
3853 4156
3854 8787
3854 4966
3855 6452
3855 4053
3856 5545
3856 7287
3858 9377
3858 7365
3860 7061
3861 7813
3862 5950
3863 6606
3864 6203
3864 5059
3866 7714
3866 7340
3867 4850
3868 6709
3868 4637
3869 4736
3869 6806
3870 7855
3871 9850
3872 6359
3874 9977
3876 6211
3877 5782
3878 7213
3878 7415
3879 4302
3879 4887
3880 7848
3880 8249
3881 9835
3882 7156
3883 5189
3884 9225
3884 4115
3885 4360
3885 8371
3886 8378
3887 8404
3887 4740
3888 3985
3889 5240
3890 7266
3891 7012
3892 8340
3892 6766
3893 9184
3894 5142
3896 8235
3896 4453
3896 4543
3897 9217
3898 5795
3898 7101
3899 5378
3899 9159
3900 8252
3900 5983
3901 4344
3902 4934
3903 3930
3903 5751
3904 9813
3905 3982
3906 6120
3907 6001
3907 6359
3908 5891
3908 6980
3909 4829
3909 7349
3910 6208
3910 7550
3911 6977
3911 9126
3912 7197
3913 6143
3916 4577
3917 8562
3917 8733
3918 9346
3918 6493
3919 4276
3921 9499
3923 8659
3923 6054
3926 7476
3927 6390
3928 7583
3929 8260
3929 4069
3930 8526
3931 4800
3932 9032
3932 8286
3933 6321
3933 7258
3934 8751
3935 5827
3936 7963
3937 8807
3938 8794
3938 5843
3939 5164
3939 4990
3940 4901
3940 9350
3941 9657
3941 5677
3942 4817
3942 7573
3943 5334
3944 7945
3945 7486
3946 7155
3947 5531
3947 5501
3948 4911
3949 9951
3950 9292
3950 6159
3951 7226
3951 4555
3952 5712
3952 9971
3953 4134
3954 9531
3954 7915
3955 7273
3955 4067
3957 9041
3957 5249
3958 8496
3958 5729
3959 5299
3960 7883
3961 7712
3962 9843
3962 9470
3963 8980
3963 4495
3964 4267
3964 6047
3965 8005
3966 4580
3967 5106
3967 7095
3968 9333
3969 4115
3970 9551
3972 6954
3972 4748
3973 8184
3973 6614
3975 9508
3976 8198
3977 5897
3978 4780
3978 9607
3979 9945
3979 6719
3980 5732
3981 9933
3982 6053
3983 4407
3984 7966
3985 5061
3986 7008
3987 4113
3987 5466
3988 8690
3988 4551
3989 8662
3991 9021
3991 6743
3992 8714
3994 4275
3994 9198
3996 6032
3997 9400
3997 5922
3998 9524
3999 8204
4000 6856
4001 7217
4002 8188
4003 8300
4004 6130
4005 4856
4005 9861
4006 4064
4006 9837
4007 4262
4007 8295
4008 4523
4010 9769
4012 9132
4012 7709
4013 9306
4014 7609
4015 5590
4016 7344
4016 4683
4017 5933
4020 9207
4022 5452
4023 6651
4023 4869
4024 9286
4025 8439
4026 8580
4027 5078
4028 6075
4028 7975
4029 4986
4029 7797
4030 4288
4031 4461
4032 8046
4033 5438
4033 5647
4036 4750
4037 7182
4038 5810
4039 5047
4040 8486
4041 5900
4041 6895
4042 7981
4043 5018
4044 5100
4045 9171
4046 4591
4047 5977
4047 8478
4048 9455
4049 4546
4049 5354
4050 8784
4050 5829
4052 7933
4054 6592
4054 9372
4055 4079
4056 6624
4056 4841
4059 8468
4059 6645
4061 9719
4063 4502
4064 5827
4065 6713
4065 5767
4066 9642
4068 6582
4069 8993
4071 8777
4072 9149
4072 9751
4073 4871
4075 6730
4076 5544
4077 4438
4080 8765
4081 9906
4081 9772
4082 4722
4083 7009
4084 7569
4084 7075
4085 6473
4087 8618
4087 6597
4088 9699
4088 6157
4089 8083
4089 5868
4090 5814
4091 7566
4091 5254
4092 6554
4094 6835
4094 7011
4095 8348
4095 8190
4096 6051
4097 7374
4097 8503
4098 5841
4098 7825
4099 7471
4100 6738
4101 8018
4101 5555
4102 7380
4103 9218
4105 6536
4105 6502
4106 5278
4107 8167
4109 4538
4109 8652
4110 8956
4110 8141
4111 6670
4112 9769
4112 9629
4114 9697
4114 6060
4116 7688
4116 4219
4117 6521
4118 7718
4119 9488
4120 8840
4122 7202
4122 7182
4123 6329
4123 4460
4124 8196
4125 5988
4126 9721
4126 8285
4128 5759
4131 6712
4131 9910
4132 5459
4133 8755
4133 7863
4134 8429
4135 7654
4135 5791
4136 7985
4136 6253
4137 5257
4137 9243
4138 6212
4139 9256
4140 8425
4140 9066
4141 4169
4142 6393
4142 7381
4143 7644
4144 9129
4145 7384
4145 9901
4146 7314
4147 4491
4148 8188
4148 8559
4149 8344
4149 6309
4150 8392
4150 6076
4152 6004
4153 7838
4154 9393
4154 8231
4156 7928
4157 4331
4158 9484
4159 8867
4160 8744
4160 7577
4161 6383
4161 5855
4162 4776
4162 4996
4164 4740
4164 9076
4165 9845
4166 6820
4167 8144
4167 6315
4168 6400
4168 8298
4170 4240
4170 6766
4171 8195
4172 5082
4172 8582
4174 9808
4174 7997
4175 6522
4175 9812
4176 4419
4176 6165
4178 5849
4180 5107
4180 9991
4182 9429
4183 8981
4183 8599
4186 6424
4186 7130
4187 8949
4188 8408
4189 9920
4189 5067
4191 9402
4193 5874
4194 7520
4194 6745
4196 9148
4196 7295
4198 5201
4198 5503
4201 9411
4202 4912
4202 7850
4203 4205
4203 9710
4204 7054
4205 8210
4206 8025
4207 4710
4208 9899
4208 6260
4209 6640
4210 5568
4210 4417
4211 8416
4211 4284
4212 8945
4213 4427
4216 8835
4216 8804
4217 6568
4217 4445
4218 8954
4219 7793
4220 6034
4220 7830
4221 5961
4223 6224
4223 4431
4224 4866
4225 8677
4226 5249
4226 6365
4227 5640
4227 5463
4228 7012
4229 8397
4230 8737
4233 8947
4237 4796
4238 8062
4239 6479
4240 5375
4241 8858
4242 8012
4242 7991
4243 5779
4244 6283
4244 9252
4245 9594
4245 9571
4246 7608
4248 7463
4249 9785
4250 9648
4250 8881
4251 9698
4251 6700
4252 5907
4252 5668
4254 6979
4255 9392
4255 5252
4256 5407
4257 9420
4257 8990
4258 8153
4259 6724
4259 9764
4261 4482
4263 5779
4265 7140
4266 6801
4266 5015
4268 5025
4269 9609
4270 8133
4270 9382
4271 6137
4272 9901
4273 7961
4273 7749
4274 8856
4277 9523
4277 6471
4278 7568
4278 5337
4279 6077
4280 4969
4281 7331
4281 6287
4282 8650
4282 4799
4283 9746
4283 4982
4284 8479
4285 8723
4286 7595
4286 4854
4287 6616
4288 5834
4289 9169
4289 7598
4290 8073
4291 9674
4291 9266
4292 4794
4293 8104
4293 7057
4294 4684
4294 8077
4295 6186
4296 7426
4296 6115
4298 7783
4299 9362
4300 9163
4301 9768
4301 7300
4303 7673
4304 6049
4304 6941
4305 8488
4307 9114
4308 6173
4309 5771
4310 9990
4310 6551
4311 9277
4311 9613
4312 9677
4312 6031
4313 8533
4314 7379
4314 9238
4316 6442
4317 7194
4317 6300
4318 5593
4319 6167
4319 9615
4320 9856
4321 7949
4322 5201
4322 7838
4323 6041
4323 6371
4325 8354
4325 9306
4326 7437
4327 9226
4327 8877
4328 7737
4328 5529
4329 6957
4330 9338
4331 6246
4332 8154
4333 5263
4334 8272
4334 7455
4335 9369
4336 7398
4337 4851
4338 5650
4338 5898
4339 6696
4340 8866
4341 4950
4341 5959
4343 9093
4344 9025
4347 5745
4347 8267
4348 5093
4348 7486
4349 8284
4349 7228
4350 6084
4351 8967
4352 6430
4352 8775
4353 8022
4353 6695
4354 7502
4355 7545
4357 7322
4357 9591
4359 8892
4359 5478
4360 4627
4361 6876
4361 7756
4362 9669
4364 5398
4365 9656
4365 9293
4366 5937
4368 7010
4368 6519
4369 6882
4369 4571
4370 4604
4370 7950
4371 4744
4371 5650
4371 8534
4372 7918
4373 6045
4374 7679
4375 6664
4375 5990
4376 9837
4377 7320
4377 7893
4378 9168
4378 5757
4379 6296
4379 9449
4379 8330
4380 4411
4380 7626
4380 9995
4382 5364
4384 6083
4384 5084
4385 9644
4386 7149
4386 7671
4387 8158
4388 7800
4389 4754
4389 9107
4390 9816
4390 6937
4391 5738
4392 6086
4393 6557
4393 8623
4394 9184
4395 6528
4395 9916
4397 6655
4399 6472
4401 7697
4401 4598
4402 6185
4405 9298
4406 5735
4407 7525
4408 6545
4408 9974
4409 9838
4411 7626
4413 8606
4415 5798
4416 6979
4418 8148
4419 8503
4420 7635
4421 5564
4422 7103
4423 5022
4424 4758
4424 8543
4425 9739
4426 8988
4427 5740
4428 7138
4429 4736
4430 5202
4431 9680
4432 7781
4432 5743
4433 6219
4433 9812
4434 6644
4434 4534
4435 5544
4435 4639
4436 6987
4437 7837
4439 6434
4439 4868
4440 7034
4440 5069
4441 8657
4442 8335
4443 4636
4444 7076
4444 8615
4445 5103
4446 7632
4446 5658
4447 9229
4448 7330
4448 9318
4449 8811
4449 9701
4450 7582
4450 8399
4451 6856
4451 8997
4452 8792
4453 9220
4455 5579
4455 4676
4456 5982
4457 9224
4458 9068
4459 9157
4462 9814
4463 5961
4464 7233
4465 4509
4465 5565
4466 8271
4467 9460
4468 8266
4469 8368
4470 8918
4470 9175
4471 4605
4471 6767
4472 4937
4472 4653
4474 6351
4475 7584
4477 7705
4477 4783
4478 8997
4479 4683
4480 7114
4480 9910
4481 5296
4481 6819
4482 6919
4483 5100
4484 7317
4484 7287
4486 5510
4487 9890
4488 7219
4491 8394
4492 6555
4493 4592
4493 6108
4493 8318
4494 5597
4497 5349
4498 9029
4499 9168
4500 5527
4501 5821
4502 8363
4503 9868
4503 5391
4504 8896
4505 7321
4505 6915
4506 7596
4506 5886
4507 7976
4507 4527
4507 6733
4507 7616
4508 9379
4509 9070
4510 8651
4511 5306
4512 8224
4512 5057
4513 9738
4513 7252
4514 8990
4515 7074
4515 6021
4516 5026
4517 5347
4517 7996
4518 4996
4518 7532
4519 5158
4520 5558
4521 4835
4521 6083
4522 5606
4524 6312
4524 7826
4525 9142
4525 9119
4526 9714
4526 5027
4527 6733
4528 4970
4529 5872
4530 8501
4531 7726
4532 5286
4532 4646
4533 6477
4533 5750
4534 8090
4535 5298
4535 9964
4536 7295
4537 6678
4537 9983
4538 6033
4539 8442
4539 6684
4540 6039
4542 9403
4543 8030
4544 8692
4545 6346
4546 4902
4547 7764
4548 7845
4549 8979
4549 5036
4553 9001
4554 9521
4554 6679
4555 6071
4556 8355
4557 9540
4557 8070
4558 7851
4558 6590
4559 7318
4560 7681
4560 8388
4561 9904
4562 7257
4562 7126
4566 5226
4566 7622
4567 6968
4568 6667
4569 8946
4569 5180
4570 9011
4572 6151
4573 8955
4573 7932
4574 9840
4575 7842
4576 8201
4577 5781
4579 6163
4581 9784
4582 6786
4582 6326
4583 6419
4583 8939
4585 6615
4586 6435
4586 8339
4587 6480
4587 6147
4588 8095
4589 9908
4590 5181
4592 7101
4593 6682
4594 8880
4594 7482
4595 4804
4597 7877
4599 6613
4600 6770
4601 7774
4602 5241
4603 5596
4603 4877
4604 4712
4605 6613
4606 8003
4606 5837
4607 5390
4608 4773
4608 8597
4609 8831
4609 9087
4610 9064
4610 8161
4612 5493
4613 9259
4613 7823
4614 5347
4614 7887
4615 4937
4616 4937
4617 9253
4618 5217
4618 9799
4619 4907
4619 4756
4622 9733
4622 6453
4623 8747
4624 5500
4625 8336
4626 7237
4626 5733
4628 4743
4629 7983
4630 9279
4631 9879
4632 6729
4632 5372
4633 5865
4633 8843
4635 4692
4635 6295
4637 7893
4638 5098
4640 6240
4640 4657
4641 7982
4641 7631
4642 8720
4642 9267
4643 9687
4644 9796
4645 5085
4645 7109
4646 8709
4647 5258
4648 7271
4649 7746
4650 4963
4650 6660
4654 9775
4655 9626
4655 8317
4656 8303
4657 8487
4658 8011
4660 9896
4661 5532
4661 8310
4663 9336
4663 5569
4664 6012
4666 7052
4666 9479
4667 6801
4668 6322
4668 9635
4669 8341
4671 4734
4672 6385
4672 6027
4673 6194
4674 8586
4675 8756
4677 6122
4677 5914
4678 6848
4678 6738
4681 7698
4682 8647
4684 9509
4685 5044
4686 9188
4687 7956
4688 8444
4689 6744
4689 5476
4690 6954
4691 8226
4691 4997
4693 6411
4694 9361
4694 6579
4695 8781
4696 8782
4697 6427
4697 5774
4698 6186
4698 7853
4700 8431
4701 9004
4702 6171
4702 9763
4703 8202
4704 8192
4706 7371
4707 6079
4708 9828
4708 9637
4709 8466
4711 6116
4713 7498
4714 9937
4714 8391
4715 8435
4715 9622
4716 9488
4716 7031
4718 6221
4719 5285
4721 7096
4722 6591
4723 8386
4725 6962
4726 7244
4727 8800
4727 6779
4728 6857
4728 9489
4730 7848
4731 8993
4731 7883
4732 5048
4734 9205
4735 9985
4735 7790
4737 5694
4738 9854
4739 8374
4741 5702
4742 7757
4743 5338
4744 9732
4746 8853
4746 5151
4747 6969
4747 6818
4748 5178
4750 5403
4751 7762
4756 8425
4757 5744
4757 8614
4759 8768
4761 8600
4763 7452
4765 8875
4765 5868
4766 6615
4767 5988
4767 6023
4768 7712
4768 8644
4769 6097
4769 5154
4771 9150
4771 5615
4772 7772
4772 9711
4773 8372
4774 6852
4775 9091
4775 6251
4777 7220
4777 7908
4778 8265
4778 7069
4779 7841
4779 8249
4782 7002
4785 9971
4785 6669
4786 8490
4787 7035
4788 6905
4789 8386
4790 4841
4791 6261
4792 5758
4793 5197
4794 5995
4795 8248
4796 8627
4797 9654
4798 6134
4799 4893
4801 6993
4801 9698
4802 5305
4803 9406
4804 7685
4805 5000
4806 7165
4807 7185
4809 5571
4812 5135
4814 6423
4815 9054
4816 7367
4817 9647
4818 7868
4822 9214
4823 9114
4823 6286
4825 6311
4826 9797
4828 6499
4828 9925
4830 5248
4830 7277
4831 4961
4832 9704
4832 7519
4833 5237
4833 6655
4834 7131
4834 6262
4836 5567
4837 6139
4838 5804
4838 8261
4839 9889
4839 5923
4840 7028
4842 6956
4843 5584
4843 7606
4845 7016
4845 8873
4847 8505
4849 9105
4850 6595
4852 7184
4853 7658
4853 6770
4855 7732
4857 9551
4858 5952
4858 9639
4859 6673
4860 9332
4860 7790
4861 7339
4861 8758
4862 8731
4865 8075
4866 7041
4867 8749
4869 9390
4870 9936
4870 8473
4872 8706
4872 7554
4873 6204
4873 8518
4874 5368
4874 9943
4875 9273
4876 7417
4877 7051
4878 7579
4878 8468
4879 6234
4880 6460
4881 9817
4881 7647
4882 8110
4884 6943
4884 6023
4885 7908
4885 6910
4886 6787
4887 9617
4888 5371
4889 5259
4890 7682
4890 6206
4891 9426
4892 8680
4893 9565
4894 5056
4895 9717
4896 8173
4897 8097
4898 7773
4899 9851
4899 6207
4904 6609
4904 8124
4905 5585
4906 7144
4906 5609
4907 8576
4909 9106
4909 8935
4912 9201
4913 9458
4913 8372
4914 6696
4914 9913
4915 5329
4916 7090
4918 8558
4919 8075
4919 7620
4920 8637
4921 6692
4922 4952
4923 9869
4924 6347
4925 8330
4927 7651
4928 6017
4929 7995
4930 8094
4931 7437
4932 8829
4932 8326
4933 7487
4938 8058
4938 7763
4939 9836
4940 9228
4942 5736
4942 6622
4943 6487
4944 7301
4944 8511
4945 6068
4946 8138
4946 5043
4947 9535
4949 7514
4949 9422
4950 9526
4952 4958
4953 8449
4953 9942
4954 9774
4956 8748
4958 7322
4959 6755
4960 8784
4960 9795
4961 6625
4962 9558
4963 6191
4964 9980
4965 9525
4965 9007
4967 5323
4967 6531
4968 7247
4969 9737
4970 9870
4972 5341
4973 9983
4974 9587
4975 5118
4976 8602
4977 8988
4977 6381
4978 5864
4978 6395
4979 6965
4981 8734
4982 5611
4984 5663
4985 5515
4986 5766
4987 8530
4987 7774
4988 5652
4988 7559
4989 9708
4990 5434
4992 5382
4993 5309
4995 9189
4997 5857
4998 8500
4998 7118
4999 7912
4999 7272
5000 5246
5001 8517
5002 6271
5003 9355
5004 8680
5004 9235
5005 8882
5005 8795
5006 8557
5006 7047
5007 8234
5008 9536
5008 6175
5009 7829
5010 5986
5010 9766
5011 6386
5011 5851
5012 7977
5012 7806
5014 5529
5014 8564
5016 8377
5017 9255
5018 7418
5019 8024
5020 7920
5020 9555
5021 9201
5021 5660
5023 5088
5023 9101
5024 6225
5024 8822
5025 7519
5026 5949
5027 7625
5028 8066
5029 7681
5029 7679
5030 6389
5031 9258
5031 6183
5032 9516
5033 7979
5034 8747
5035 9097
5036 7323
5037 5781
5038 6002
5038 6559
5039 9195
5041 8754
5043 6063
5045 7814
5046 5773
5047 9137
5050 8603
5050 6319
5051 6675
5052 5053
5055 7600
5056 9179
5057 6865
5058 7292
5058 7046
5059 6823
5060 6285
5061 6462
5062 8065
5063 6074
5064 7232
5064 7891
5065 5548
5066 7702
5068 6299
5068 9661
5070 5394
5070 9028
5071 6658
5071 7382
5073 8710
5073 9159
5074 7590
5074 9727
5076 8992
5077 8013
5079 7803
5080 8673
5080 8770
5081 8345
5081 6298
5082 5751
5083 7962
5083 7687
5084 6503
5085 5237
5087 9941
5087 5311
5089 9602
5090 7179
5091 9860
5091 5212
5092 9092
5093 8284
5094 6505
5094 8182
5095 6812
5095 9133
5096 8567
5099 6028
5101 6152
5101 9419
5102 5893
5103 9446
5106 7824
5107 7213
5108 5116
5109 7567
5109 5279
5110 8032
5110 8911
5111 5534
5112 5659
5115 7393
5116 9723
5117 8384
5119 7084
5119 5534
5120 8082
5120 9349
5121 5362
5121 9134
5122 9156
5122 6791
5123 6072
5125 5692
5126 8441
5128 8411
5129 7862
5129 8214
5130 6860
5131 5523
5131 8549
5132 9424
5132 7889
5134 7490
5136 9108
5136 9566
5137 7864
5137 8036
5141 7659
5141 9574
5142 9227
5143 9396
5144 7019
5145 8280
5145 8233
5146 5195
5146 7964
5147 8792
5147 6683
5148 9816
5149 9093
5149 5655
5150 5945
5150 6567
5152 6357
5153 5709
5154 7005
5155 8197
5156 6600
5156 5171
5157 9210
5158 8150
5159 5693
5160 9478
5161 9468
5162 8681
5162 7675
5163 9482
5164 6940
5165 5883
5166 9665
5167 7230
5168 8274
5169 9629
5170 7179
5170 8483
5172 7429
5173 7906
5174 8977
5174 9326
5175 6753
5175 8718
5176 6088
5177 7209
5179 9005
5180 8902
5182 5402
5183 6906
5183 7754
5184 8322
5187 7404
5190 8579
5190 9412
5191 8844
5191 8679
5193 7985
5196 9750
5197 8853
5199 6492
5199 5613
5200 9129
5202 9622
5203 6113
5203 8757
5204 6543
5205 5757
5206 8215
5207 8096
5208 6256
5209 5704
5209 7280
5210 6711
5211 6380
5211 6982
5215 8979
5217 5494
5218 6061
5218 9975
5219 7193
5219 8540
5220 7555
5221 8117
5223 8135
5224 9225
5224 7947
5224 5652
5224 6315
5225 7241
5227 8809
5228 7657
5230 9194
5232 5671
5233 9052
5233 6391
5234 6164
5236 5813
5238 5994
5239 6761
5239 6420
5240 9456
5241 6373
5242 6777
5243 5930
5244 8071
5245 5649
5245 6618
5247 8684
5247 5645
5248 9740
5250 6665
5251 8237
5252 5923
5253 9932
5255 8611
5257 5939
5258 6479
5259 9212
5261 7783
5262 6345
5263 8068
5264 9918
5265 9345
5266 9992
5267 9473
5268 7571
5268 8037
5269 9147
5270 7395
5271 5462
5272 7424
5272 5786
5273 6845
5274 9017
5276 8155
5278 6758
5279 9322
5280 7326
5282 9178
5282 6549
5284 7649
5284 6886
5287 8638
5290 8336
5291 7026
5292 9719
5293 8773
5293 9902
5294 7678
5296 6728
5297 7751
5301 9793
5301 5521
5302 7673
5303 5805
5304 5794
5304 8527
5308 9472
5309 5562
5310 8887
5311 7588
5312 7211
5313 8571
5314 7034
5314 9335
5316 9583
5317 7482
5318 6846
5318 7055
5319 5978
5319 5853
5322 5449
5322 7290
5323 8340
5324 7105
5324 7787
5325 9103
5327 7017
5328 7110
5329 9849
5330 7258
5331 8564
5331 8005
5332 5614
5333 9240
5334 8555
5335 7121
5336 7095
5337 5608
5338 8476
5339 7431
5342 6293
5342 6950
5344 8691
5344 8388
5345 6381
5345 7398
5346 7546
5346 8908
5348 8617
5348 7125
5349 6769
5350 7132
5350 9415
5352 9016
5352 8002
5353 8639
5356 7676
5357 8707
5358 7319
5360 6531
5360 7967
5361 5450
5363 9127
5365 7784
5365 7435
5366 8460
5366 7660
5367 8176
5368 7078
5369 6682
5370 8978
5370 9844
5371 8908
5373 8936
5374 6142
5377 7260
5378 7872
5380 8191
5380 5815
5381 6160
5383 9868
5383 8959
5384 9857
5385 5784
5386 9063
5387 8642
5387 7891
5389 7524
5389 6430
5390 7656
5391 7843
5393 6414
5394 7465
5395 6792
5395 8740
5396 7812
5396 9557
5397 5855
5400 5971
5400 5719
5401 9060
5401 7493
5402 6284
5404 7390
5404 6367
5405 6870
5406 7150
5408 9223
5408 6415
5409 7688
5410 9564
5411 8994
5411 8940
5412 6907
5414 9009
5415 6384
5415 8846
5416 7832
5417 6281
5418 9172
5419 9289
5419 6998
5420 7575
5421 8450
5421 9092
5422 6517
5423 5640
5424 7410
5424 9458
5425 8893
5426 5858
5427 8331
5429 9109
5429 8125
5430 5896
5430 9039
5431 8637
5432 9899
5433 7781
5433 7046
5434 8807
5436 6014
5437 7275
5437 5444
5438 8855
5439 7609
5440 7196
5441 7168
5442 7560
5442 6649
5442 9299
5443 7637
5443 8367
5444 8212
5445 8876
5446 6594
5447 6995
5447 6885
5448 5514
5450 6853
5451 9687
5451 9364
5451 5535
5454 5904
5455 5978
5456 8098
5458 5506
5458 5749
5459 7763
5461 8465
5462 6854
5464 6548
5466 8294
5468 7699
5468 9931
5470 9386
5470 8221
5471 7083
5471 8021
5472 6044
5472 6005
5473 7311
5474 7484
5474 9421
5475 7210
5480 7948
5481 9265
5481 5989
5482 9380
5482 9236
5483 8835
5483 9822
5485 6789
5485 7903
5486 6831
5487 7297
5487 7194
5490 9603
5491 5849
5491 5950
5492 9824
5493 5984
5494 7042
5495 9230
5497 5745
5498 8018
5499 6931
5499 9133
5500 7375
5502 9416
5502 6797
5503 8181
5504 5616
5504 8453
5505 8009
5506 6380
5507 9881
5509 6017
5509 7091
5510 9524
5512 6936
5513 7284
5514 7290
5515 8247
5516 9957
5517 6156
5518 6149
5519 7515
5520 6863
5520 8031
5522 5603
5523 9023
5524 5744
5524 6158
5525 9531
5526 7989
5526 9982
5527 8131
5528 9061
5530 5958
5533 7523
5533 8246
5536 6734
5537 6453
5538 9161
5539 8742
5540 9539
5541 8686
5542 9798
5543 6527
5547 7345
5547 6975
5550 8404
5551 9399
5551 6431
5552 6774
5553 6666
5554 9696
5554 8146
5556 6597
5557 5866
5557 9303
5559 9891
5559 8750
5561 7557
5562 7909
5565 8147
5571 9567
5572 6209
5572 7897
5573 7695
5573 8591
5574 9659
5574 6347
5575 9776
5575 6512
5577 8883
5577 9829
5578 8574
5580 6160
5581 9034
5583 7929
5583 5645
5584 7536
5585 6005
5587 9251
5588 6689
5588 5661
5589 9703
5589 5951
5591 9731
5591 6815
5592 7581
5595 6630
5596 9892
5598 8266
5598 7578
5599 9618
5600 9712
5600 6690
5601 9596
5606 6720
5607 9321
5607 6595
5608 9560
5609 7006
5610 8421
5610 9342
5612 7696
5612 9569
5614 8740
5616 9919
5618 7817
5620 8935
5621 7107
5623 9528
5624 8445
5624 5679
5626 9985
5627 9777
5628 9973
5628 6230
5629 9578
5629 8791
5631 9308
5632 5633
5632 7759
5633 8417
5634 9664
5634 9668
5635 8469
5636 7624
5636 6878
5637 9117
5638 6377
5639 8127
5642 7056
5642 5963
5643 9077
5644 9242
5646 6742
5648 6509
5649 6537
5650 8914
5650 8534
5652 7286
5656 9669
5657 5843
5658 7570
5659 5830
5660 7157
5661 9546
5662 5854
5663 7230
5664 9337
5665 5966
5666 6929
5669 8301
5669 8629
5670 7577
5673 8896
5673 7262
5674 9240
5674 7423
5675 9110
5676 6392
5676 9447
5678 5733
5679 6536
5680 8810
5681 5965
5684 9437
5685 9929
5686 7081
5687 9745
5688 6180
5689 9738
5689 8077
5691 6888
5691 9492
5692 6889
5695 7918
5695 8343
5696 6808
5696 6716
5697 7931
5698 6011
5698 6547
5699 8220
5703 8798
5705 8761
5706 7224
5707 8568
5710 6617
5711 6246
5712 6953
5713 8739
5713 8588
5714 9024
5716 5920
5716 9430
5717 9153
5718 7335
5720 8312
5720 8240
5721 8235
5722 7767
5723 7942
5724 8598
5725 7884
5725 8565
5726 6576
5727 7830
5728 9544
5728 9485
5730 8001
5731 8677
5734 8791
5735 8111
5736 6506
5738 9286
5739 7757
5739 8007
5740 6374
5741 7119
5742 8799
5743 5954
5746 8113
5747 9271
5749 9692
5750 9652
5752 8738
5753 6425
5753 5882
5755 9451
5755 6446
5759 5993
5760 8808
5761 9172
5763 6259
5764 5770
5764 6250
5765 6709
5765 9207
5766 7347
5767 5900
5768 8241
5768 6358
5769 7667
5771 9160
5772 9405
5773 9095
5775 7444
5776 9281
5777 8224
5780 7385
5780 8268
5783 9266
5784 9689
5785 8746
5788 8524
5788 7334
5789 5909
5790 7512
5791 8780
5793 9645
5793 8486
5794 8506
5796 6548
5799 8961
5799 6449
5800 9665
5801 6828
5802 8803
5804 8244
5805 9656
5806 6705
5806 9823
5807 6796
5808 7858
5811 7000
5812 7900
5813 6243
5816 6564
5816 6885
5818 9216
5818 8070
5819 8995
5822 7925
5822 5951
5823 6116
5825 9377
5828 6598
5829 9601
5831 9768
5833 9633
5834 9053
5835 7064
5835 8831
5836 7564
5838 6336
5839 6862
5839 9694
5841 6504
5842 6833
5844 7689
5846 8605
5847 9702
5848 6408
5850 6726
5852 9073
5856 9301
5857 7137
5858 9002
5860 6060
5860 8087
5861 9675
5862 8008
5863 8561
5864 8516
5865 7863
5866 6214
5867 6117
5869 6421
5870 8683
5871 8938
5872 6102
5873 9710
5875 6561
5876 6388
5876 9807
5877 7116
5877 7405
5879 6989
5880 8572
5883 6184
5884 9230
5885 8812
5885 7500
5888 7592
5888 9097
5889 7241
5890 9205
5894 5932
5895 9163
5898 8580
5899 7644
5901 7473
5901 8311
5902 8152
5903 5934
5907 6089
5908 9010
5909 7554
5910 6558
5910 8006
5912 7111
5913 8307
5913 6003
5916 6191
5917 6276
5917 6847
5918 8690
5918 9869
5919 5928
5919 7018
5920 8201
5921 7160
5921 9281
5922 6672
5924 8849
5927 9631
5929 6208
5930 7627
5931 7920
5931 7319
5932 8578
5936 8785
5936 7643
5939 6599
5940 6657
5940 7298
5941 6857
5942 8245
5943 6563
5943 7605
5944 8319
5946 6006
5946 8638
5947 9514
5947 8226
5948 6413
5952 6229
5953 9228
5958 9949
5960 9367
5962 7368
5962 7967
5963 9603
5964 7595
5969 9957
5971 8020
5973 9146
5973 8581
5974 6973
5975 9038
5977 6963
5979 6710
5980 6205
5981 6566
5983 7636
5984 8274
5986 9709
5987 6154
5989 8273
5990 9234
5991 9013
5993 9049
5994 7511
5996 8391
5997 9772
6002 8149
6004 6076
6006 7349
6007 9365
6009 9709
6009 7815
6010 6387
6010 6830
6011 6106
6012 8742
6013 8344
6015 7221
6015 8333
6016 7407
6019 8129
6024 7703
6025 9282
6026 9641
6026 9197
6029 6268
6032 6480
6034 9311
6035 8655
6036 7869
6037 8642
6038 7254
6042 6067
6044 6844
6046 6214
6046 9151
6047 9882
6048 6088
6048 9350
6050 8439
6053 8257
6054 9746
6055 7785
6055 6486
6058 9196
6061 6781
6062 9784
6064 7683
6065 6994
6065 7187
6066 9099
6072 9098
6073 8141
6075 9666
6077 6291
6078 9041
6078 9979
6079 6139
6080 7616
6081 9434
6082 7125
6082 8093
6084 9754
6085 7666
6085 9283
6087 7227
6089 9096
6090 7649
6091 7946
6091 8794
6092 7130
6093 9273
6093 9031
6095 9568
6096 6676
6098 7812
6099 8001
6099 7675
6100 9872
6100 7281
6102 8691
6103 8909
6103 9614
6104 9876
6104 7364
6105 8932
6105 8517
6106 9160
6106 6767
6107 7296
6108 9593
6110 6824
6111 8192
6112 7633
6113 8614
6114 8702
6114 8759
6115 6610
6118 7157
6121 7168
6123 6506
6124 7744
6124 8527
6126 9554
6127 7238
6128 7022
6129 8247
6131 9931
6131 6743
6132 7033
6135 6874
6135 9859
6136 8872
6136 8764
6140 9351
6141 8945
6142 8816
6145 6798
6146 8633
6146 9686
6147 9759
6148 6880
6149 9823
6152 7816
6153 9530
6153 6735
6154 8856
6155 9024
6155 6705
6159 6219
6162 7032
6162 6269
6164 6832
6167 9393
6169 7907
6170 7146
6170 7522
6171 6908
6172 6224
6172 9235
6173 6517
6174 8089
6174 9935
6175 7172
6176 7186
6177 9080
6179 7905
6179 6185
6181 9101
6183 7662
6184 9050
6188 6263
6189 9059
6189 7390
6190 7878
6192 7155
6193 7493
6195 8622
6196 7614
6197 8825
6198 7186
6199 8670
6200 9136
6201 8823
6202 7500
6204 9055
6206 9989
6207 9161
6209 8091
6212 9744
6213 6384
6215 9032
6216 9648
6218 6426
6220 6710
6220 8206
6223 8666
6223 6589
6225 7512
6226 9600
6226 9522
6227 9037
6228 9795
6229 7362
6230 9008
6231 7411
6231 6540
6234 6858
6235 7543
6236 8937
6237 8601
6238 9580
6238 8500
6239 9004
6239 7871
6240 7821
6241 9431
6243 7386
6244 8081
6245 6328
6245 8585
6247 7049
6247 9199
6248 7471
6249 7045
6250 8264
6251 6492
6252 8627
6254 8670
6255 8546
6255 8619
6256 7121
6257 6296
6257 7076
6259 6493
6263 9852
6264 9801
6266 9112
6267 6510
6272 7026
6273 8356
6273 8374
6275 7618
6275 9706
6276 7534
6277 8577
6278 8471
6282 6849
6283 9257
6285 6987
6286 6958
6287 8594
6288 7542
6289 8780
6290 6413
6290 6693
6291 8864
6292 7765
6293 9280
6294 8470
6297 8889
6297 9894
6299 6888
6300 7127
6301 9299
6302 6752
6303 7415
6306 6600
6306 6810
6307 9713
6307 8531
6311 7574
6312 9753
6313 9788
6314 9780
6315 7047
6315 7726
6320 9988
6320 7421
6321 7068
6323 7533
6325 6634
6327 6929
6327 9543
6328 9550
6330 7122
6331 6706
6333 8368
6337 6560
6338 9231
6339 9121
6339 7300
6340 8114
6341 8324
6343 6834
6344 8575
6345 9834
6345 9535
6349 9592
6349 7499
6350 9608
6352 8492
6353 8522
6354 7748
6355 9588
6356 9808
6356 8133
6357 7803
6358 9953
6360 7956
6361 8641
6361 8271
6362 7271
6363 7129
6364 8216
6364 7102
6365 8820
6366 7819
6368 7201
6368 9111
6371 9846
6372 8929
6373 6650
6374 6410
6375 7846
6376 6422
6378 6673
6379 8381
6382 7459
6382 6951
6385 8692
6386 6511
6387 7787
6393 7472
6394 8349
6396 8168
6397 8616
6398 7005
6399 8952
6400 8232
6401 7284
6401 6550
6403 8364
6404 9454
6405 9136
6405 9294
6406 7986
6407 8113
6408 7181
6412 8316
6414 9530
6415 7598
6416 9952
6417 9649
6417 7191
6419 7351
6420 9680
6421 9805
6428 8650
6428 8678
6431 8414
6432 7993
6432 7926
6433 7400
6435 6928
6436 7745
6436 8834
6437 8811
6438 8504
6438 7786
6439 8995
6440 8933
6441 6835
6441 9486
6443 6616
6445 9453
6446 6868
6447 9927
6450 7392
6451 8893
6454 9647
6456 8160
6458 9993
6458 7341
6459 7144
6460 6807
6464 8654
6467 8358
6468 9373
6468 6805
6469 9712
6470 8767
6472 7590
6474 9327
6475 6790
6476 6704
6476 9614
6477 8550
6478 8574
6482 9740
6483 9583
6486 7314
6488 8669
6489 8181
6490 9822
6491 9033
6494 9354
6495 7785
6495 7805
6496 7711
6498 7547
6499 7044
6500 7626
6501 9857
6501 9594
6503 7470
6507 8101
6509 9117
6510 7472
6512 8093
6513 9259
6514 9562
6516 9890
6519 9756
6520 9440
6521 8911
6523 8241
6524 8621
6525 9317
6528 8128
6530 6829
6532 9091
6532 7358
6533 6777
6538 7663
6539 6850
6541 7035
6541 9190
6542 6594
6542 6756
6544 8481
6544 9908
6546 9507
6546 8852
6547 8120
6550 7308
6552 7711
6553 9262
6557 8055
6558 8291
6560 9420
6562 8514
6562 6659
6564 7039
6565 9187
6565 7190
6567 9375
6569 8459
6573 9605
6573 7647
6576 9109
6580 9363
6580 9271
6581 7672
6581 9305
6583 7060
6584 8962
6584 8286
6585 8938
6586 7229
6587 8687
6588 8402
6588 9611
6589 6991
6590 8922
6591 9833
6596 6808
6596 8763
6598 8448
6599 9494
6601 9261
6602 8917
6604 8379
6604 9188
6607 9424
6608 8166
6612 8884
6612 9855
6617 8774
6619 9658
6619 6669
6620 8898
6623 8081
6625 7678
6626 9739
6627 9561
6628 6729
6629 8395
6629 8548
6630 6685
6631 6849
6632 7081
6635 9203
6636 7954
6637 7088
6637 7474
6639 8582
6640 9000
6641 7052
6643 8699
6645 9697
6646 8370
6646 9123
6647 9171
6654 9385
6657 9415
6659 7701
6661 8737
6661 9556
6666 6909
6668 8041
6671 9074
6672 6866
6676 8085
6678 8318
6680 8596
6683 7571
6685 9198
6686 8745
6687 7758
6688 9075
6691 6949
6694 7161
6694 6795
6698 9348
6699 8130
6700 9923
6701 7934
6702 9557
6702 9791
6703 7143
6707 7870
6708 7080
6708 9970
6711 8430
6712 9541
6713 8110
6714 7880
6714 8462
6715 8857
6717 7127
6718 8900
6722 7623
6723 8688
6725 7819
6728 9121
6732 8760
6732 7518
6733 8726
6734 7233
6735 8313
6736 7538
6737 9713
6739 9858
6739 6935
6740 6875
6741 9003
6744 7861
6745 9563
6748 7802
6748 9051
6749 9620
6749 8470
6750 9832
6751 6947
6753 7825
6756 7391
6758 9992
6759 9942
6763 7931
6763 8669
6765 8960
6768 9236
6773 7594
6773 8482
6775 8703
6780 7328
6781 9782
6782 9046
6783 9318
6785 8339
6785 8655
6786 7972
6788 8041
6788 8964
6791 7146
6792 7669
6793 6966
6794 7057
6795 7151
6798 8740
6799 8313
6799 9751
6800 7261
6802 9491
6803 7206
6804 9794
6804 8711
6806 7839
6807 9912
6809 7497
6809 6899
6810 7581
6812 9176
6813 6984
6813 8821
6814 8693
6818 7376
6821 9329
6821 9043
6824 6838
6825 9984
6825 6921
6826 9914
6826 7564
6827 8851
6827 9860
6828 9191
6830 8826
6832 9688
6836 8965
6840 7753
6845 9700
6846 8664
6848 6948
6851 8023
6852 7613
6854 8157
6855 9941
6855 8126
6858 9863
6860 7587
6861 9683
6867 7938
6868 9241
6869 8930
6873 8748
6877 9704
6877 9493
6879 9936
6880 7288
6881 7360
6882 8989
6883 9482
6883 8700
6890 9467
6891 9427
6891 9997
6893 7242
6894 7306
6895 9771
6896 7973
6896 7062
6897 7507
6898 9296
6899 9747
6900 9001
6903 8098
6903 9948
6904 9404
6905 7685
6906 7090
6907 7528
6909 7547
6912 8376
6914 7850
6916 9290
6917 9206
6920 7441
6920 8994
6921 9490
6923 9567
6924 8160
6924 9035
6925 7458
6926 8538
6926 8646
6927 7222
6930 9483
6930 8975
6934 8040
6934 8045
6936 8023
6937 9981
6939 6964
6942 9187
6945 9294
6947 8925
6950 9995
6952 9233
6953 7312
6955 7882
6961 8529
6961 9671
6965 9370
6966 9955
6967 7043
6969 8847
6971 8230
6973 9067
6974 8476
6975 8065
6978 8071
6982 7704
6983 9653
6985 9477
6988 7357
6989 7366
6990 8307
6992 8246
6993 7938
6994 9716
6995 8671
6996 8771
6997 7962
6998 8349
6999 8147
7002 7004
7004 7200
7007 9314
7013 8928
7015 9155
7017 9662
7018 8710
7019 8321
7020 9526
7020 8287
7021 7380
7021 8006
7023 7169
7023 7882
7024 8775
7025 8488
7027 7113
7029 8327
7033 9511
7037 9127
7038 8148
7039 7473
7040 8947
7040 7541
7044 9980
7048 9432
7048 7343
7050 7784
7053 8253
7053 8886
7054 9326
7055 8556
7058 9736
7059 8740
7061 9451
7062 9685
7063 7889
7067 8032
7069 7887
7070 8757
7079 7118
7084 7466
7085 8412
7086 9139
7087 9474
7089 7677
7092 9085
7094 8342
7097 7827
7097 9390
7106 9378
7106 8118
7108 9626
7109 9456
7110 8839
7112 7792
7112 7225
7113 8034
7115 8120
7117 9804
7117 8678
7119 8299
7120 9657
7120 7767
7123 8995
7129 9464
7131 9507
7132 8743
7133 9191
7134 7332
7135 8127
7136 7171
7139 7336
7139 9831
7141 8392
7143 8057
7145 7326
7147 8426
7149 9853
7151 8520
7153 9453
7154 8347
7158 9023
7159 9433
7160 7298
7162 9621
7163 9610
7166 9376
7166 9801
7167 9309
7169 7828
7173 9313
7174 8696
7175 9167
7178 8244
7180 9534
7180 9463
7181 9734
7188 9185
7188 9814
7189 9293
7191 9389
7192 7214
7195 8033
7197 7839
7198 8850
7198 7365
7199 9544
7201 7244
7202 9702
7204 8644
7204 9148
7207 7816
7207 9599
7208 8415
7210 8322
7212 7999
7214 8914
7215 7447
7217 9773
7218 8506
7218 9891
7219 7750
7223 8499
7223 9251
7225 9312
7226 9500
7227 7876
7228 8836
7229 8145
7238 7677
7239 9381
7239 9343
7240 9634
7240 9084
7243 9179
7245 9028
7246 7953
7247 7892
7248 9773
7248 8159
7249 9115
7250 8814
7251 8648
7252 8380
7253 7308
7256 7521
7260 8718
7262 7898
7263 7439
7264 7468
7265 9487
7266 9707
7269 9338
7269 7597
7270 8651
7272 8058
7273 9452
7274 9036
7279 7280
7279 7910
7282 9200
7285 9323
7288 9655
7289 8202
7291 9707
7296 7476
7297 9269
7302 9209
7302 9299
7303 7634
7303 7558
7304 8768
7304 8320
7307 9117
7309 8270
7313 8576
7313 8185
7315 9180
7316 9932
7316 7621
7320 9558
7321 7503
7323 7578
7324 7968
7324 9283
7327 7621
7330 8360
7333 8444
7336 8118
7337 8084
7341 8076
7345 7836
7346 8377
7346 7875
7347 8254
7350 8837
7351 9954
7352 7373
7353 8513
7353 8467
7354 9582
7356 9608
7360 7400
7361 9441
7363 8487
7368 9789
7369 9181
7370 7464
7373 8054
7377 7506
7377 7965
7378 8038
7379 9315
7382 8967
7383 9280
7384 7408
7387 8183
7389 8051
7394 9443
7395 8131
7397 8121
7402 8014
7406 8043
7408 8805
7409 8778
7409 8012
7411 7416
7412 7546
7412 9495
7413 9838
7413 8119
7422 7457
7423 8495
7433 9069
7440 8178
7442 8926
7442 8767
7443 9128
7443 7835
7445 8310
7445 7639
7446 8615
7447 7585
7448 9151
7449 7788
7450 8480
7453 8961
7457 8714
7461 7828
7461 7964
7462 9964
7463 7840
7466 9047
7467 8879
7469 9977
7469 9254
7475 8741
7478 7580
7479 8376
7483 7793
7485 9842
7489 7937
7491 9536
7491 7723
7492 7833
7492 9174
7494 9370
7495 8062
7496 9715
7498 7579
7501 9116
7503 9060
7504 8910
7505 9538
7505 9219
7508 8239
7509 9315
7509 9355
7511 8769
7515 8596
7522 8323
7526 9391
7527 8557
7528 8539
7529 7981
7530 8965
7531 7943
7532 9397
7536 9029
7539 9716
7540 8214
7543 8016
7549 9742
7550 8715
7551 9204
7552 9050
7553 8648
7560 8186
7561 8337
7561 9245
7562 7566
7563 9423
7567 7951
7576 7842
7576 8998
7580 9329
7587 9841
7589 9841
7591 7768
7591 8303
7593 8438
7597 9017
7601 8618
7602 8043
7603 7845
7604 9190
7605 8219
7606 8892
7610 7904
7612 8405
7612 8382
7613 8734
7615 9504
7617 8208
7628 8200
7630 8419
7634 7706
7640 9539
7642 9173
7645 7680
7645 8827
7646 8664
7646 9401
7653 7925
7660 8039
7663 9623
7665 9671
7666 7966
7668 9122
7669 9921
7670 8499
7671 9506
7672 8842
7674 9433
7674 8194
7680 9215
7682 9752
7684 9547
7687 9786
7690 9956
7691 8864
7694 9735
7694 8407
7696 8665
7697 8560
7700 8445
7704 8553
7705 9693
7707 7749
7708 8888
7716 8309
7716 9119
7717 9960
7721 8361
7721 8428
7723 8837
7724 8949
7725 8074
7725 9885
7729 8320
7731 7957
7733 8868
7734 9770
7735 9633
7736 9755
7738 7904
7739 7873
7746 9833
7748 9459
7750 8078
7751 8635
7751 8137
7752 9508
7754 9630
7755 8608
7764 9383
7770 9344
7771 9232
7772 7849
7775 8138
7775 9667
7779 9542
7779 8854
7782 8223
7782 8055
7788 9527
7791 8484
7792 9897
7794 8604
7795 9632
7796 8551
7796 9951
7798 8636
7799 8061
7800 8225
7801 9206
7802 9611
7804 8862
7806 8030
7807 9094
7808 8960
7810 9096
7810 8375
7811 8458
7813 9880
7814 8257
7818 9480
7818 8575
7823 8867
7826 9619
7829 9450
7831 9549
7833 9449
7836 8175
7837 9278
7840 8217
7841 8809
7844 8078
7846 9894
7847 9118
7849 9361
7851 7881
7854 8484
7862 8363
7867 9793
7869 8623
7873 8823
7875 8927
7878 7906
7879 8697
7881 9909
7888 9806
7890 8089
7894 8587
7895 9398
7896 7957
7897 8317
7899 9284
7901 9193
7903 9247
7907 8672
7910 8277
7911 9886
7912 9861
7913 8209
7914 9217
7917 9173
7921 9048
7921 8406
7923 9438
7923 9470
7924 8457
7926 9545
7927 8352
7928 9604
7930 8885
7932 8609
7936 8934
7937 8590
7940 9548
7942 9969
7943 9158
7946 8108
7950 8477
7951 9781
7952 8028
7953 9414
7955 9617
7959 8050
7959 8170
7960 9623
7968 8890
7970 8366
7971 8264
7976 9854
7977 9220
7980 9439
7984 9889
7984 8150
7988 9289
7990 9846
7992 8035
7993 8236
7997 9741
7998 9362
8000 8728
8000 9820
8003 8069
8004 8625
8009 9252
8013 8323
8015 8847
8017 8531
8020 8910
8022 8448
8025 9767
8026 9305
8027 9408
8029 9849
8034 8587
8042 9552
8046 9143
8052 9628
8053 9320
8057 9493
8063 9961
8063 8446
8064 8985
8067 8897
8072 9430
8073 8101
8076 9031
8080 8479
8083 8828
8084 9834
8088 9310
8091 9320
8092 8427
8095 8790
8097 9866
8103 9672
8105 9513
8106 8218
8109 9246
8111 8951
8115 9388
8116 8134
8121 8384
8122 9113
8122 8645
8123 8781
8125 8999
8129 9883
8130 9417
8134 8936
8135 9512
8136 9057
8137 8661
8142 9631
8154 9157
8157 9285
8163 8884
8165 8535
8166 9212
8170 8222
8171 9120
8176 8620
8179 8283
8189 9601
8189 8292
8190 9130
8193 8941
8194 9745
8195 8581
8196 8419
8198 8491
8199 9711
8213 8953
8217 9425
8218 9428
8219 8221
8223 9331
8227 9987
8228 8950
8231 9949
8233 8485
8240 8595
8242 9076
8243 8834
8248 9341
8251 8874
8251 9003
8254 8806
8256 9284
8258 9658
8259 9839
8262 9616
8262 8403
8265 9154
8268 8716
8269 9325
8270 9144
8273 9885
8276 8761
8277 9584
8279 8845
8281 9776
8281 9521
8282 8745
8290 9597
8291 9164
8292 9330
8296 8858
8296 8719
8297 8725
8308 9541
8311 9695
8312 9674
8314 8942
8315 9038
8318 8524
8319 9545
8327 8356
8328 9898
8329 9998
8330 9449
8332 9703
8334 9867
8335 8890
8338 9765
8338 9917
8342 8370
8343 9757
8348 9884
8353 8830
8354 9820
8358 9895
8359 9496
8361 8731
8362 8713
8365 8902
8367 8521
8369 9257
8369 9438
8381 9249
8383 9469
8385 8920
8385 9566
8387 9914
8395 8536
8396 8987
8397 8443
8400 9859
8401 8491
8410 9450
8411 9887
8420 9574
8423 9226
8429 9862
8430 9639
8432 8931
8434 8663
8436 8590
8440 8943
8441 8563
8447 9787
8449 8841
8451 9461
8460 8782
8461 9162
8463 9689
8463 9276
8464 8962
8465 8631
8466 8818
8469 9783
8472 9014
8474 9134
8482 8685
8485 8926
8489 9359
8490 9244
8493 8529
8494 8820
8497 9249
8505 8542
8507 8917
8511 8647
8512 8971
8514 9872
8515 9099
8525 9078
8528 9455
8532 9817
8535 8539
8536 9248
8538 9542
8543 9765
8545 9369
8547 9302
8549 9082
8558 8862
8560 9287
8569 8689
8571 8901
8583 9550
8589 9978
8591 9432
8593 8733
8597 9268
8601 9509
8606 8671
8608 8724
8611 9139
8622 8825
8625 8813
8630 9714
8631 9747
8643 9986
8652 9261
8658 9888
8658 9180
8662 8673
8667 8924
8672 9222
8674 9599
8675 8991
8682 9287
8682 9015
8683 9253
8687 9385
8694 9991
8695 8984
8695 8719
8698 9045
8700 9962
8704 8797
8705 9928
8715 9072
8725 8799
8727 9802
8735 9925
8756 9445
8758 8953
8759 9439
8765 9519
8772 9930
8774 9825
8779 9126
8783 9213
8787 9604
8789 9525
8793 9602
8795 8802
8798 8900
8813 8977
8817 8882
8818 9945
8819 8931
8822 9926
8828 9210
8832 9824
8836 9408
8846 9012
8851 9502
8859 9368
8860 9104
8860 9733
8861 9018
8861 9972
8865 9579
8869 9667
8870 8886
8875 9632
8894 9972
8901 9919
8909 9915
8915 9279
8916 8919
8930 9214
8933 9044
8963 9676
8968 9913
8972 9650
8976 9174
8976 9079
8980 9328
8981 9138
8983 9072
8991 9892
8992 9724
9006 9870
9013 9333
9019 9457
9020 9661
9022 9741
9036 9996
9037 9429
9039 9961
9043 9471
9053 9278
9056 9553
9062 9431
9079 9621
9080 9083
9081 9935
9084 9760
9087 9480
9089 9586
9090 9125
9098 9366
9110 9413
9117 9738
9124 9790
9128 9589
9131 9748
9140 9730
9141 9504
9141 9549
9144 9563
9150 9778
9152 9805
9156 9767
9166 9926
9167 9782
9170 9570
9170 9597
9183 9612
9192 9939
9193 9459
9200 9436
9208 9348
9233 9902
9237 9911
9238 9749
9241 9986
9250 9873
9258 9560
9275 9304
9290 9302
9291 9744
9295 9335
9308 9379
9309 9979
9313 9615
9314 9559
9316 9732
9323 9962
9334 9461
9345 9934
9357 9873
9357 9830
9374 9395
9376 9827
9384 9405
9398 9659
9406 9864
9414 9756
9436 9987
9444 9515
9457 9774
9465 9903
9473 9505
9483 9792
9487 9819
9510 9965
9548 9775
9572 9928
9575 9829
9577 9627
9586 9810
9587 9691
9595 9959
9596 9863
9610 9750
9612 9640
9636 9825
9644 9718
9646 9785
9650 9930
9664 9938
9670 9766
9694 9867
9726 9893
9729 9884
9753 9886
9787 9963
9796 9871
9830 9911
